0.1 	 1342.8898965127328
0.10974987654930562 	 1365.1704551552723
0.12045035402587821 	 1403.8297265853155
0.1321941148466029 	 1454.6601901847944
0.14508287784959398 	 1512.6549069596097
0.1592282793341092 	 1571.9655410659532
0.17475284000076838 	 1626.1274529137672
0.19179102616724888 	 1668.6782547921
0.2104904144512021 	 1694.2531893709117
0.23101297000831597 	 1700.0928652328735
0.2535364493970112 	 1687.606074280497
0.2782559402207124 	 1663.2242262783543
0.30538555088334157 	 1637.4724267484473
0.33516026509388425 	 1621.4315264358509
0.36783797718286343 	 1621.1472960969006
0.40370172585965547 	 1633.039240129806
0.4430621457583881 	 1645.1775565676626
0.4862601580065355 	 1646.6675799898749
0.533669923120631 	 1638.4999534273
0.5857020818056667 	 1632.1871320443497
0.6428073117284322 	 1633.7482949229893
0.7054802310718644 	 1635.6950087516252
0.7742636826811272 	 1632.7169244069414
0.8497534359086445 	 1630.3028005842602
0.9326033468832199 	 1629.292441233566
1.0235310218990263 	 1627.1053418192685
1.1233240329780276 	 1624.8763395621095
1.2328467394420666 	 1622.298631489693
1.3530477745798075 	 1619.5648194806656
1.484968262254465 	 1616.3939224332544
1.6297508346206444 	 1612.9149841942847
1.7886495290574351 	 1609.0293420391733
1.9630406500402715 	 1604.7398978368128
2.1544346900318843 	 1599.9729000452055
2.3644894126454084 	 1594.7060492860896
2.5950242113997373 	 1588.8965423047764
2.848035868435802 	 1582.4988821323066
3.1257158496882367 	 1575.4679674778508
3.4304692863149193 	 1567.7590727913143
3.764935806792469 	 1559.3257503090629
4.132012400115339 	 1550.1215336110415
4.5348785081285845 	 1540.0999653865492
4.977023564332112 	 1529.216213620583
5.462277217684343 	 1517.4266808803052
5.994842503189412 	 1504.6905503461494
6.5793322465756825 	 1490.9702469826705
7.220809018385467 	 1476.2326199083625
7.924828983539178 	 1460.4497964319248
8.697490026177835 	 1443.6002109447695
9.545484566618342 	 1425.6696203703448
10.476157527896651 	 1406.6521300583465
11.497569953977369 	 1386.551179214535
12.61856883066021 	 1365.3804689164447
13.848863713938732 	 1343.1647192965745
15.199110829529348 	 1319.940294216318
16.68100537200059 	 1295.755643811321
18.307382802953697 	 1270.671513446822
20.09233002565048 	 1244.7609029858397
22.051307399030456 	 1218.1087032334915
24.201282647943835 	 1190.8109620047908
26.560877829466868 	 1162.973832318207
29.150530628251786 	 1134.7122218947509
31.992671377973846 	 1106.1480765792119
35.111917342151344 	 1077.4081522784002
38.535285937105314 	 1048.6215663515416
42.29242874389499 	 1019.9061149843759
46.41588833612782 	 991.475375223187
50.9413801481638 	 963.4042889281787
55.90810182512229 	 935.773706054748
61.35907273413176 	 908.6812115544922
67.34150657750828 	 882.2093746064925
73.90722033525783 	 856.4252577073878
81.11308307896873 	 831.384376736638
89.02150854450393 	 807.081811568572
97.70099572992257 	 783.2714728150535
107.22672220103243 	 759.408635959723
117.68119524349991 	 735.2577599915584
129.1549665014884 	 711.3361760057415
141.7474162926806 	 684.4227318013614
155.56761439304722 	 627.651407368915
170.7352647470692 	 570.2378510038258
187.3817422860385 	 515.8014957666518
205.65123083486534 	 463.12174431722724
225.70197196339214 	 412.4288907474614
247.70763559917114 	 363.4340095428301
271.85882427329426 	 315.677264027229
298.364724028334 	 268.69868125648804
327.4549162877732 	 222.47317033801343
359.3813663804629 	 177.8413940450964
394.420605943766 	 135.65672651338062
432.87612810830615 	 95.60690702959045
475.0810162102798 	 64.01923999793127
521.400828799969 	 35.80089602954602
572.236765935022 	 13.50888809568464
628.029144183426 	 -0.587307378917719
689.2612104349702 	 -9.625630122020006
756.463327554629 	 -12.774303497800007
830.2175681319752 	 -10.778751748042657
911.1627561154896 	 -5.312134636768609
1000.0 	 -0.03653694469206637
