# This is the Power Spectrum computation of 
# The following parameters were used for this computation: 
# 	 h_0 = 0.7 	 	 EVERYTHING IS MEASURED WITHOUT h_0!
# 	 z_min = 0.05 	 z_max = 0.2 	 z_eff = 0.15046
# 	 s_min = 148.192 	s_max = 571.702 	 s_eff = 435.375
# 	 Ω_b = 0.0489 	 Ω_cdm = 0.25102 	 Ω_M0 = 0.29992
# The comoving distances s are measured in Mpc/h_0.
#
# For this PS computation we set: 
# 	 int_s_min = 0.01 	 int_s_max = 1143.4044841823932 
# 	 #points used in Fourier transform N = 128
# 	 multipole degree in consideration L = 0
# computational time needed (in s) : 2.6882
# kwards passed: none

k 	 P
0.0008745811423986705 	 -0.0010471600173575248
0.0009578936528337387 	 -0.001841648503507935
0.0010491425045166378 	 -0.00016577353988962967
0.0011490837125052872 	 -0.0016607726221822756
0.0012585453097749258 	 0.00030505861251882123
0.0013784342076375712 	 -0.0009905677753125168
0.001509743709684336 	 0.0007794884437536958
0.0016535617415051266 	 -2.069951335369675e-5
0.001811079864370595 	 0.0014799304568066374
0.0019836031475565217 	 0.001215977248839221
0.0021725609811048072 	 0.002534824908510917
0.002379518918606973 	 0.002760317843576584
0.0026061916481300135 	 0.004021504358843156
0.0028544571987513235 	 0.004666703870025689
0.003126372500406686 	 0.005965588612394388
0.0034241904259678007 	 0.006942150748596038
0.003750378456746381 	 0.008300161233350709
0.004107639126072258 	 0.009469099532556341
0.004498932410324655 	 0.01079137617143999
0.004927500252930828 	 0.011917985423937547
0.005396893424518295 	 0.012966612438270516
0.005911000941762443 	 0.013709427061759188
0.006474082288670561 	 0.014150564187158031
0.007090802707262078 	 0.014169774819000941
0.007766271850035447 	 0.013780716437051541
0.008506086114465029 	 0.013021952749284459
0.009316375010277878 	 0.012015551981971018
0.010203851943672557 	 0.010947659679869852
0.01117586983923747 	 0.009960733852355444
0.012240482060407454 	 0.009148691122152554
0.013406509133196891 	 0.008407667268516508
0.01468361182602875 	 0.007595572322822858
0.01608237119114078 	 0.006563918200820712
0.017614376230727823 	 0.005427822535702404
0.019292319914151982 	 0.004381179287895484
0.021130104341742343 	 0.0035716043700553717
0.023142955926487605 	 0.0028667811184927595
0.025347551547925003 	 0.002205128427595893
0.027762156723435755 	 0.0016481248258751412
0.030406776941724105 	 0.0012523402411381687
0.0333033234123081 	 0.0008811200352014461
0.03647579460428997 	 0.0005768575936073053
0.03995047507849125 	 0.0004675913713571971
0.043756153260316864 	 0.0004009033780974608
0.04792435995763996 	 0.00036033847692900804
0.052489629599876075 	 0.0003606338069972617
0.05748978636266517 	 0.0002878390169874601
0.06296625754876138 	 0.000233885079145339
0.06896441682155424 	 0.00018825309358894566
0.07553396013498083 	 0.00014071817965147023
0.08272931747448202 	 9.725399581278003e-5
0.09061010382036125 	 5.985513857572116e-5
0.09924161306986587 	 6.0222471296413456e-5
0.10869535901023654 	 6.568417047702838e-5
0.11904966782479356 	 3.5653355774652576e-5
0.1303903270410922 	 1.3307057010312529e-5
0.14281129629781458 	 2.836103472440239e-5
0.15641548581924114 	 2.004887880830653e-5
0.1713156090471229 	 1.1187087435337573e-5
0.18763511649417747 	 9.206397808359285e-6
0.20550921855637408 	 6.3541429245390265e-6
0.22508600575821391 	 1.8656286752035271e-6
0.2465276757124591 	 1.4844588308741237e-6
0.27001187695992324 	 2.5641350696174216e-6
0.29573318082330063 	 2.0239607522392076e-6
0.3239046934696434 	 4.373756550768948e-7
0.3547598215377449 	 -7.889307990596312e-7
0.3885542059590058 	 -1.8041532231982653e-7
0.42556783999388337 	 -8.19823047224588e-8
0.4661073890322708 	 -7.730351937305165e-7
0.51050873137783 	 -9.377497474118647e-7
0.5591397410671759 	 -5.660965556908006e-7
0.6124033357801358 	 -9.120481205332931e-7
0.6707408150936288 	 -6.611959350249662e-7
0.7346355167372655 	 -7.392624708883156e-7
0.8046168211434908 	 -6.281065201636202e-7
0.8812645374707553 	 -5.307558939688082e-7
0.9652137074388172 	 -4.2943605698191945e-7
1.0571598667768969 	 -3.154435877030487e-7
1.1578648078768472 	 -2.043469040282542e-7
1.2681628913960847 	 -9.771772697550782e-8
1.3889679591031598 	 -3.4664864242862525e-9
1.521280905240305 	 6.937132603919796e-8
1.6661979691331923 	 1.103556842118056e-7
1.8249198177538666 	 1.1640251599704128e-7
1.998761493487686 	 9.334469952959299e-8
2.1891633095235243 	 4.593551264733946e-8
2.3977027831377518 	 -4.672558001636825e-9
2.6261077057416045 	 -4.4303648869135396e-8
2.8762704579799503 	 -4.7394236558879336e-8
3.150263688484915 	 -2.4206304498541318e-8
3.4503574861859403 	 1.3383536399924365e-8
3.7790381884523776 	 2.723609563010984e-8
4.139028980897848 	 1.2609272051054044e-8
4.533312459519795 	 -1.4073168696466783e-8
4.965155342106221 	 -1.3560740704721075e-8
5.4381355336484605 	 6.989317216849527e-9
5.95617177000248 	 9.941989574970182e-9
6.523556085402221 	 -8.864234079849799e-9
7.144989372825051 	 -7.832578298976173e-10
7.825620331833992 	 5.728929533501693e-9
8.571088126587346 	 -5.094787270348809e-9
9.387569107446062 	 2.760213076424066e-9
10.28182798327659 	 -9.924510266331603e-10
11.261273868422188 	 1.1563450235727911e-10
12.334021668702814 	 1.9927947164372562e-10
13.508959315039275 	 -2.6373697982381467e-10
14.795821401745574 	 2.3914902331289643e-10
16.205269839597253 	 -1.9479706644002554e-10
17.74898219190303 	 1.5095534493651416e-10
19.439748425461623 	 -1.1564683532546531e-10
21.291576878004584 	 8.685553081790527e-11
23.319810320087228 	 -6.56771413238902e-11
25.541253073023274 	 4.8511323253019295e-11
27.974310236061207 	 -3.6461202709705235e-11
30.639140176326848 	 2.63603220914943e-11
33.55782154494264 	 -1.9725954081730766e-11
36.75453620308556 	 1.378688761939867e-11
40.25576957356206 	 -1.0317598333857576e-11
44.09053007785419 	 6.810460202512925e-12
48.290589476716036 	 -5.165505330635266e-12
52.89074610559128 	 3.064980622039586e-12
57.92911318580898 	 -2.4444859986555883e-12
63.44743460027518 	 1.1475714693214188e-12
69.49143074992486 	 -1.075123282738499e-12
76.11117735642313 	 2.3536731156441995e-13
83.36152034957433 	 -4.278510881272508e-13
91.30253027686263 	 -1.4394741293629726e-13
