0.001 	 566445.7253801734
0.0010113065323601317 	 566310.0064190092
0.0010227409023942737 	 566171.0210214113
0.0010343045555032248 	 566028.8310855385
0.0010459989534302536 	 565883.2091861828
0.0010578255744458764 	 565734.2217518372
0.0010697859135347237 	 565581.6306779734
0.0010818814825845169 	 565425.5019113489
0.0010941138105771857 	 565265.5941012414
0.0011064844437821434 	 565101.9627672464
0.0011189949459517485 	 564934.373118473
0.0011316468985189756 	 564762.861831356
0.001144441900797323 	 564587.2057591245
0.0011573815701829784 	 564407.4199312585
0.0011704675423592722 	 564223.2936062019
0.0011837014715034408 	 564034.8196046579
0.00119708503049573 	 563841.7992394593
0.0012106199111308591 	 563644.2037438966
0.0012243078243318797 	 563441.8442804192
0.0012381505003664505 	 563234.673761773
0.0012521496890655567 	 563022.5073454893
0.001266307160044705 	 562805.2868097455
0.0012806247029276171 	 562582.8230670765
0.0012951041275724518 	 562355.0531791638
0.0013097472643005899 	 562121.7789673108
0.0013245559641279982 	 561882.9352147691
0.0013395320989992169 	 561638.3124296906
0.0013546775620239865 	 561387.8443846743
0.0013699942677165547 	 561131.3087995859
0.0013854841522376866 	 560868.6383524281
0.0014011491736394116 	 560599.5984569164
0.001416991312112537 	 560324.1181492247
0.0014330125702369627 	 560041.9537014451
0.0014492149732348223 	 559753.0253850018
0.0014656005692264891 	 559457.0851204211
0.0014821714294894757 	 559154.0391367101
0.0014989296487202609 	 558843.6381941488
0.001515877345299077 	 558525.7717521127
0.0015330166615576916 	 558200.1902986481
0.0015503497640502145 	 557866.7647795969
0.0015678788438269705 	 557525.2460595545
0.0015856061167114656 	 557175.4853919748
0.0016035338235804864 	 556817.2329924108
0.0016216642306473648 	 556450.3215061071
0.001639999629748447 	 556074.4971338735
0.0016585423386328015 	 555689.5767529324
0.0016772947012552017 	 555295.2981122216
0.001696259088072421 	 554891.4652811488
0.001715437896342879 	 554477.8037296424
0.0017348335504296757 	 554054.1063846484
0.0017544485021070508 	 553620.0839236805
0.0017742852308703086 	 553175.5188188948
0.0017943462442492474 	 552720.1048031274
0.0018146340781251319 	 552253.6141922856
0.0018351512970512511 	 551775.7225080285
0.0018559004945770986 	 551286.1903922004
0.001876884293576219 	 550784.6760772489
0.0018981053465777608 	 550270.9251555823
0.001919566336101781 	 549744.5802416581
0.0019412699749983351 	 549205.3685742347
0.0019632190067904055 	 548652.9183924738
0.001985416206020707 	 548086.9356197789
0.0020078643786024097 	 547507.0349134248
0.002030566362173833 	 546912.8985014841
0.0020535250264571464 	 546304.1274915097
0.002076743273621124 	 545680.378813131
0.002100224038648007 	 545041.2392466115
0.0021239702897045067 	 544386.3397461722
0.0021479850285170085 	 543715.2507361718
0.0021722712907510143 	 543027.5780245952
0.0021968321463948755 	 542322.8724212934
0.0022216707001478666 	 541600.7158404029
0.0022467900918126445 	 540860.6366787639
0.002272193496692147 	 540102.1934730458
0.0022978841259909772 	 539324.8899416834
0.0023238652272213273 	 538528.2616592145
0.002350140084613489 	 537711.7854567851
0.002376712019531014 	 536874.9740467736
0.0024035843908905554 	 536017.2761148737
0.002430760595586466 	 535138.1803082321
0.0024582440689201977 	 534237.1072336668
0.002486038285034545 	 533313.519476363
0.0025141467573528147 	 532366.809971505
0.0025425730390229435 	 531396.4132466245
0.0025713207233666545 	 530401.6950283573
0.0026003934443336765 	 529382.0597496069
0.0026297948769611096 	 528336.8463647318
0.0026595287378379786 	 527265.4274985404
0.0026895987855750435 	 526167.1153371993
0.002720008821279918 	 525041.2494004053
0.002750762689037563 	 523887.1148153811
0.0027818642763962086 	 522704.01707707974
0.0028133175148587763 	 521491.21339893143
0.002845126380379852 	 520247.97513139324
0.002877294893868281 	 518973.5299034755
0.0029098271216954443 	 517667.1154396319
0.0029427271762092816 	 516327.92790616804
0.002975999216254131 	 514955.17186441034
0.0030096474476964345 	 513548.010374515
0.003043676123956401 	 512105.6152794274
0.0030780895465456746 	 510627.1149948284
0.003112892065611076 	 509111.64905913174
0.0031480880804845043 	 507558.3103130654
0.0031836820402390466 	 505966.2057857297
0.0032196784442513793 	 504334.3929454932
0.0032560818427705253 	 502661.9456481555
0.0032928968374930467 	 500947.8868213263
0.003330128082144737 	 499191.25682682096
0.0033677802830688894 	 497391.04520378064
0.0034058581998212207 	 495546.2589514835
0.003444366645771519 	 493655.85601974477
0.0034833104887120924 	 491718.8105557567
0.003522694651473102 	 489734.051417832
0.0035625241125448446 	 487700.52122497483
0.0036028039067070817 	 485617.1225859973
0.003643539125665474 	 483482.7691444962
0.0036847349186952157 	 481296.3404356231
0.00372639649329195 	 479056.724934035
0.0037685291158300366 	 476762.7827011144
0.0038111381122282674 	 474413.3821105735
0.0038542288686231065 	 472007.36791022343
0.0038978068320495466 	 469543.5945051337
0.003941877511129658 	 467020.89632525085
0.003986446476768919 	 464438.12070515216
0.0040315193628604395 	 461794.0978056897
0.004077101866997119 	 459087.67543728463
0.0041231997511918745 	 456317.6865663016
0.0041698188426060115 	 453482.9876770681
0.004216965034285822 	 450582.4227260335
0.004264644285907519 	 447614.86561535584
0.004312862624530582 	 444579.1807441283
0.00436162614535964 	 441474.26879308553
0.004410941012514944 	 438299.02534144063
0.004460813459811576 	 435052.3881492598
0.004511249791547446 	 431733.29601774627
0.004562256383300213 	 428340.73536253197
0.004613839682733214 	 424873.7017243419
0.004666006210410497 	 421331.243404991
0.004718762560621078 	 417712.4277767792
0.004772115402212517 	 414016.3804125191
0.004826071479433916 	 410242.2572684086
0.0048806376127884426 	 406389.2790140892
0.004935820699895511 	 402456.7088592632
0.004991627716362687 	 398443.8828034697
0.00504806571666747 	 394350.19208426017
0.005105141835049042 	 390175.1105616557
0.005162863286410087 	 385918.18023684714
0.005221237367228818 	 381579.0374685099
0.005280271456481318 	 377157.3994494198
0.005339973016574302 	 372653.0912731675
0.00540034959428843 	 368066.0312460036
0.005461408821732275 	 363396.26035360084
0.005523158417307099 	 358643.92514838144
0.005585606186682515 	 353809.3101280952
0.005648760023783191 	 348892.81802374695
0.0057126279117867135 	 343895.0047551828
0.005777217924132721 	 338816.55770324776
0.005842538225543461 	 333658.3323623659
0.005908597073055872 	 328421.3297645958
0.0059754028170653575 	 323106.73345537024
0.0060429639023813295 	 317715.8876767837
0.0061112888692947094 	 312250.3329948954
0.006180386354657502 	 306711.78680143174
0.006250265092974553 	 301102.1761021776
0.006320933917507671 	 295423.6212631013
0.006392401761392223 	 289678.4650046349
0.006464677658766368 	 283869.2594234841
0.006537770745913029 	 277998.7908458263
0.0066116902624148155 	 272070.0693119265
0.0066864455523219755 	 266086.34952190245
0.006762046065333562 	 260051.12132993925
0.006838501357991957 	 253968.12752827854
0.006915821094890896 	 247841.35359528003
0.006994015049897161 	 241675.04339272116
0.007073093107386071 	 235473.6865277828
0.007153065263490953 	 229242.03305903095
0.007233941627366748 	 222985.0772848307
0.007315732422467873 	 216708.07221730714
0.007398447987840569 	 210416.5091931351
0.0074820987794298405 	 204116.13220710016
0.007566695371401163 	 197812.9132484378
0.007652248457477168 	 191513.0657295877
0.007738768852289402 	 185223.0157630884
0.00782626749274539 	 178949.41314744684
0.00791475543941116 	 172699.0989251663
0.008004243877909392 	 166479.1120099823
0.008094744120333359 	 160296.6534475583
0.008186267606676892 	 154159.08697051238
0.008278825906280481 	 148073.90051960017
0.008372430719293738 	 142048.69976713695
0.008467093878154395 	 136091.16756325314
0.008562827349084015 	 130209.0504717772
0.008659643233600653 	 124410.11666658554
0.008757553770048556 	 118702.13630457566
0.008856571335145202 	 113092.83787248014
0.008956708445545832 	 107589.8834688087
0.009057977759425663 	 102200.82285373399
0.009160392078079959 	 96933.0645491899
0.009263964347542262 	 91793.82636862314
0.009368707660220856 	 86790.10317992113
0.009474635256553754 	 81928.61304428123
0.009581760526682422 	 77215.76291564704
0.00969009701214439 	 72657.59080604017
0.009799658407585014 	 68259.73144241671
0.00991045856248861 	 64027.356427208084
0.01002251148292913 	 59965.14222036762
0.010135831333340659 	 56077.211079346635
0.010250432438307911 	 52367.103104933674
0.01036632928437698 	 48837.72044870104
0.010483536521886567 	 45491.30397486657
0.010602068966819901 	 42329.382614800255
0.010721941602677596 	 39352.75476969502
0.01084316958237171 	 36561.445003559216
0.010965768230141192 	 33954.691510358236
0.011089753043488986 	 31530.913660755825
0.011215139695141058 	 29287.708768172695
0.01134194403502757 	 27221.834733768854
0.01147018209228641 	 25329.219869416604
0.011599870077289446 	 23604.96344317213
0.011731024383691644 	 22043.360716112336
0.011863661590503345 	 20637.921441045084
0.011997798464186023 	 19381.41054924987
0.01213345196077168 	 18265.88348758411
0.012270639228006242 	 17282.743509182295
0.012409377607517199 	 16422.79417169906
0.012549684637005681 	 15676.315793742751
0.012691578052463431 	 15033.136394870697
0.012835075790414747 	 14482.728644664858
0.012980195990183812 	 14014.297778817037
0.013126956996187673 	 13616.89559003167
0.013275377360255127 	 13279.519735045702
0.013425475843971808 	 12991.23797954091
0.01357727142105184 	 12741.293126641147
0.013730783279736255 	 12519.23217701397
0.013886030825218543 	 12315.013931105426
0.014043033682097665 	 12119.138961407787
0.014201811696858718 	 11922.75555719548
0.014362384940381744 	 11717.78194392916
0.01452477371047884 	 11497.000199591916
0.014688998534459955 	 11254.157691473965
0.01485508017172775 	 10984.037502837278
0.015023039616401742 	 10682.529915981444
0.015192898099972124 	 10346.673779569603
0.015364677093983639 	 9974.694517932105
0.015538398312749741 	 9566.011894190837
0.01571408371609746 	 9121.23806400208
0.015891755512143328 	 8642.141873127202
0.01607143616010068 	 8131.598425109178
0.016253148373118646 	 7593.504213151153
0.016436915121153334 	 7032.680192934896
0.01662275963387139 	 6454.744324610196
0.016810705403586444 	 5865.977911937568
0.017000776188228733 	 5273.162648313807
0.017192996014348295 	 4683.415057239221
0.017387389180152136 	 4103.992649665701
0.017583980258575733 	 3542.106521003018
0.01778279410038923 	 3004.7154448529236
0.017983855837338834 	 2498.3416207847195
0.018187190885323654 	 2028.878822084858
0.01839282494760845 	 1601.4311410482799
0.01860078401807282 	 1220.1502669701044
0.018811094384496983 	 888.1109766944097
0.019023782631884784 	 607.1984655460034
0.019238875645824296 	 378.0471034899071
0.019456400615886358 	 200.0044609559306
0.019676385039061557 	 71.14909563541507
0.019898856723236123 	 -11.665643368936632
0.02012384379070701 	 -52.71843706800796
0.020351374681736867 	 -57.2972073047272
0.020581478158149098 	 -31.5265382491199
0.020814183306963545 	 17.832564110266652
0.021049519544073438 	 83.6174523660187
0.021287516617963728 	 158.50657021603794
0.021528204613471574 	 235.27794954944457
0.02177161395558932 	 307.0627233972916
0.02201777541331049 	 367.60229256057056
0.022266720103519187 	 411.4783115368974
0.022518479494923617 	 434.3187643781288
0.022773085412033937 	 432.949271610016
0.023030570039185138 	 405.50817694550295
0.023290965924605465 	 351.4991129923965
0.023554305984530736 	 271.79936569509215
0.02382062350736527 	 168.58929289686867
0.024089952157889814 	 45.23041246568274
0.02436232598151701 	 -93.92589914319244
0.0246377794085951 	 -243.75893506916756
0.02491634725876017 	 -398.65035819939857
0.025198064745337617 	 -552.7737340506105
0.025482967479793464 	 -700.4118752474502
0.025771091476235936 	 -836.2530970223036
0.026062473155967904 	 -955.6707367337235
0.026357149352090912 	 -1054.9563913627976
0.026655157314161154 	 -1131.5158970755922
0.026956534712898113 	 -1183.9916727421148
0.027261319644946512 	 -1212.3117036910473
0.027569550637691988 	 -1217.6524994612314
0.02788126665413133 	 -1202.3383233436298
0.02819650709779773 	 -1169.6652584235746
0.028515311817741657 	 -1123.6636855742793
0.028837721113568193 	 -1068.8062771823313
0.02916377574053121 	 -1009.7042633426553
0.029493516914685138 	 -950.7955409426366
0.02982698631809511 	 -896.0512786730882
0.03016422610410586 	 -848.710829549882
0.030505278902670255 	 -811.0936196595453
0.030850187825738132 	 -784.4767072758538
0.031198996472705985 	 -769.0570636544194
0.03155174893592826 	 -763.9874639779911
0.031908489806291074 	 -767.513880323977
0.032269264178848844 	 -777.1668056803835
0.03263411765852463 	 -790.0060639155131
0.03300309636587509 	 -802.8877340966839
0.03337624694292039 	 -812.7524122284534
0.03375361655904025 	 -816.8718522796917
0.03413525291693653 	 -813.0588217195616
0.03452120425866314 	 -799.8167797229444
0.034911519371724424 	 -776.4223366642275
0.035306247595242195 	 -742.915804640866
0.03570543882619261 	 -700.0377704955433
0.03610914352571365 	 -649.1053787739719
0.03651741272548378 	 -591.8439847562595
0.036930298034172734 	 -530.2024293383164
0.0373478516439654 	 -466.18589129406513
0.03777012633715931 	 -401.6967990393335
0.03819717549283665 	 -338.42355042290274
0.038629053093612045 	 -277.7790901669499
0.0390658137324562 	 -220.87950240314672
0.039507512619597084 	 -168.55604115077404
0.03995420558949888 	 -121.40762905160834
0.04040594910791989 	 -79.83912282017968
0.040862800279050406 	 -44.105100579761064
0.041324816852731094 	 -14.329332834970884
0.041792057231753 	 9.504614916098541
0.04226458047924028 	 27.58778295731936
0.04274244632611621 	 40.32087781925632
0.043225715178653625 	 48.368598150580276
0.04371444812611089 	 52.66722565856077
0.04420870694845407 	 54.4146323670058
0.044708554124166335 	 55.00399700218022
0.045214052838145925 	 55.910882398200506
0.04572526698969311 	 58.548916155552966
0.04624226120058773 	 64.10867872674972
0.04676510082325784 	 73.40349111116602
0.047293851949040816 	 86.76755372140887
0.04782858141653791 	 103.99637209764086
0.0483693568200632 	 124.38113267302265
0.04891624651818798 	 146.79419409643597
0.04946931964238204 	 169.84234972858934
0.05002864610575235 	 192.0391808183534
0.05059429661188059 	 211.97362544716972
0.05116634266376091 	 228.44857410506057
0.05174485657283832 	 240.56133047469555
0.05232991146814947 	 247.73540365536033
0.052921581305566914 	 249.70155733050012
0.053519940877147655 	 246.45889101873323
0.054125065820587445 	 238.23527154469323
0.05473703262878216 	 225.46313391328002
0.05535591865949706 	 208.78268082665105
0.05598180214514551 	 189.0487002909378
0.056614762202678075 	 167.33539628109537
0.057254878843583795 	 144.89255707663696
0.05790223298400418 	 123.05750218362392
0.05855690645496169 	 103.09890980794091
0.05921898201270395 	 86.03884712432169
0.05988854334916463 	 72.47178731122976
0.0605656751025431 	 62.45290613403953
0.0612504628680032 	 55.47740289494448
0.06194299320849331 	 50.58765105484517
0.06264335366568854 	 46.57601871214012
0.06335163277105686 	 42.250775494180665
0.06406792005704998 	 36.68504283433861
0.06479230606842133 	 29.39543755962777
0.06552488237367146 	 20.396486371725803
0.06626574157662318 	 10.134038370032526
0.06701497732812739 	 -0.6828918988922913
0.06777268433790139 	 -11.286939292534116
0.06853895838650084 	 -21.04491488179106
0.0693138963374275 	 -29.580040522197873
0.07009759614937343 	 -36.816158184349526
0.07089015688860374 	 -42.93416989617973
0.0716916787414796 	 -48.277708334348674
0.07250226302712229 	 -53.21723868679558
0.07332201221022121 	 -58.01584845605618
0.07415102991398602 	 -62.7015651641751
0.07498942093324557 	 -66.99460015528624
0.07583729124769482 	 -70.30159120344437
0.07669474803529167 	 -71.82391750634075
0.07756189968580482 	 -70.76132432883523
0.07843885581451564 	 -66.58901132445219
0.07932572727607413 	 -59.305254715395066
0.08022262617851203 	 -49.56279104113742
0.0811296658974141 	 -38.59044656021554
0.08204696109024993 	 -27.911223464177784
0.08297462771086729 	 -18.926206866547506
0.08391278302415008 	 -12.521064637515416
0.08486154562084132 	 -8.834123396961013
0.08582103543253412 	 -7.276439858345864
0.08679137374683213 	 -6.773581664602596
0.08777268322268095 	 -6.126286611004379
0.08876508790587374 	 -4.343079771591059
0.08976871324473142 	 -0.8546376409556505
0.09078368610596033 	 4.42309243321173
0.09181013479068939 	 11.126626300003744
0.09284818905068842 	 18.543148984016458
0.09389798010476963 	 25.72872984825337
0.09495964065537518 	 31.672202517574682
0.09603330490535163 	 35.49726302333091
0.09711910857491436 	 36.69905269589469
0.09821718891880384 	 35.31996045921314
0.09932768474363543 	 31.99295550337144
0.10045073642544627 	 27.764693419175355
0.10158648592743962 	 23.740934836679745
0.10273507681793023 	 20.650945800547294
0.10389665428849276 	 18.5465152310908
0.10507136517231508 	 16.79615805915451
0.10625935796275904 	 14.454560600502804
0.10746078283213177 	 10.842757868816808
0.10867579165066832 	 6.028805670511553
0.1099045380057295 	 0.8625188014372844
0.11114717722121657 	 -3.5143176410548973
0.11240386637720562 	 -6.408033114400986
0.11367476432980338 	 -8.031366876223505
0.11496003173122861 	 -9.305459744478348
0.11625983105011949 	 -11.098027208728046
0.11757432659207107 	 -13.481299304660558
0.11890368452040508 	 -15.617727870165252
0.1202480728771739 	 -16.415358698473383
0.1216076616044031 	 -15.422879104420339
0.1229826225655732 	 -13.222093506156241
0.12437312956734468 	 -10.956218421040825
0.12577935838152868 	 -9.415124874098922
0.1272014867673061 	 -8.459300877964859
0.12863969449369747 	 -7.2986433029878395
0.1300941633622879 	 -5.306400674422755
0.13156507723020783 	 -2.5994519416419113
0.13305262203337434 	 0.1773957377440595
0.13455698580999503 	 2.54291701091601
0.13607835872433763 	 4.576015729633206
0.13761693309076792 	 6.559490892002012
0.13917290339806074 	 8.383234189661641
0.14074646633398433 	 9.5168373813209
0.14233782081016366 	 9.67957981859491
0.1439471679872245 	 9.29177278192451
0.14557471130022132 	 8.960948550070551
0.14722065648435406 	 8.541904368640461
0.1488852116009742 	 7.149176761055145
0.15056858706388562 	 4.383078881958684
0.1522709956659427 	 1.2331733235347726
0.15399265260594927 	 -0.8059336618252153
0.15573377551586093 	 -1.4961832868336082
0.15749458448829642 	 -2.1056700714586247
0.15927530210435878 	 -3.5946272585901555
0.16107615346177145 	 -5.214817457145182
0.1628973662033326 	 -5.612155953767621
0.16473917054569073 	 -4.923969476590826
0.1666017993084468 	 -4.634401387351199
0.16848548794358387 	 -5.267868629650339
0.17039047456523054 	 -5.423101263129178
0.1723169999797605 	 -3.856838550956446
0.17426530771623255 	 -1.415303357637826
0.1762356440571744 	 0.2559772787283338
0.17822825806971543 	 1.1487081366168221
0.18024340163707053 	 2.365554469894506
0.18228132949038023 	 3.7654958569311323
0.184342299240911 	 4.1276146241729155
0.18642657141261956 	 3.479838207172556
0.18853440947508468 	 2.960188553400726
0.19066607987681297 	 2.5721344923692255
0.19282185207891955 	 1.583652514387091
0.19500199858919035 	 0.7169279860311003
0.19720679499652952 	 0.9265343223039725
0.19943652000579556 	 0.9135898932711392
0.20169145547303308 	 -0.684919886568159
0.20397188644110095 	 -2.2498869648319726
0.2062781011757043 	 -2.1497093298378616
0.20861039120183386 	 -1.9978223591188278
0.21096905134061725 	 -2.961073471809458
0.2133543797465862 	 -2.94056028050408
0.2157666779453667 	 -1.1815191013917175
0.21820625087179407 	 -0.05886955660442658
0.22067340690845894 	 -0.029427281791325588
0.22316845792468987 	 0.629412913325165
0.2256917193159762 	 1.3040697606763287
0.228243510043836 	 1.0559064923372476
0.23082415267613662 	 1.1546825243414995
0.23343397342786926 	 1.535948645277317
0.23607330220238554 	 1.161492891550621
0.23874247263310008 	 1.2286666839059062
0.241441822125664 	 1.389867530769098
0.2441716919006169 	 -0.008908008098392371
0.24693242703651927 	 -0.9256197974683635
0.2497243765135735 	 -0.5522068711224747
0.25254789325773785 	 -1.3647658629735344
0.25540333418533967 	 -1.8445695195315197
0.2582910602481917 	 -0.6362868069730256
0.2612114364792205 	 -0.410430081816637
0.26416483203860924 	 -0.2110619717164301
0.26715162026046246 	 0.5824621235589105
0.27017217869999915 	 0.16161061670344226
0.2732268891812779 	 0.2845511595203086
0.27631613784546405 	 1.0271058027635158
0.27944031519964035 	 0.8727331643880936
0.2825998161661704 	 1.263303188943039
0.2857950401326204 	 0.34235577925224503
0.28902639100224514 	 -0.5289949640202469
0.29229427724504403 	 -0.22312056057275742
0.29559911194939636 	 -0.910662814421473
0.29894131287427833 	 -0.5389680294625834
0.3023213025020715 	 -0.1879479016739603
0.3057395080919682 	 -0.7624995545837492
0.309196361733981 	 0.06938041908505865
0.31269230040356116 	 -0.2886103983921884
0.31622776601683794 	 0.43571718842540036
0.3198032054864794 	 0.6374969209274863
0.32341907077818605 	 0.6833141813201717
0.3270758189678235 	 0.5664479090123447
0.3307739122991997 	 -0.38181490049432715
0.3345138182424979 	 -0.29098933116290027
0.3382960095533678 	 -0.5757777670817765
0.34212096433268624 	 0.22147197820155068
0.34598916608699315 	 -0.5353521510349605
0.3499011037896109 	 -0.26278109687038276
0.35385727194245387 	 -0.07437064527916562
0.35785817063853903 	 0.12758625963357262
0.36190430562520115 	 0.3663557693155077
0.36599618836802333 	 0.27954822660294415
0.3701343361154911 	 -0.006364995209881466
0.37431927196437703 	 -0.0441896469326361
0.3785515249258631 	 0.06701848797153892
0.38283162999241444 	 0.06816447256595444
0.3871601282054056 	 -0.12643421006237773
0.39153756672351264 	 -0.2496099023169241
0.39596449889187946 	 -0.05754707179545435
0.40044148431206367 	 -0.08988775173150193
0.4049690889127771 	 0.23951003296474752
0.40954788502142236 	 0.14426037792565713
0.41417845143644044 	 0.24238472202347627
0.4188613735004757 	 -0.06900101045427687
0.42359724317436825 	 -0.14122291658700992
0.4283866591119817 	 0.04905693708547232
0.4332302267358799 	 0.12436672671883565
0.4381285583138562 	 -0.2275100414044962
0.4430822730363295 	 -0.02381478801014372
0.44809199709461583 	 0.0010233804814321922
0.45315836376008195 	 0.03528176216279087
0.4582820134641995 	 0.11228239204101437
0.46346359387949865 	 -0.04872571851675331
0.4687037600014401 	 0.00653022742271054
0.4740031742312116 	 0.016894179374838565
0.4793625064594622 	 -0.05272275486596404
0.4847824341509798 	 -0.08886526875494107
0.49026364243033116 	 -0.15617516636034454
0.4958068241684656 	 0.07614642327350142
0.5014126800703004 	 0.1685012888607529
0.5070819187632954 	 -0.05140320924272433
0.5128152568870307 	 -0.04686864490898691
0.5186134191837929 	 0.010102737846425115
0.5244771385901928 	 -0.032696034739532365
0.530407156329812 	 0.04469130253046117
0.5364042220069002 	 -0.06546416604470742
0.5424690937011329 	 0.10183994372352258
0.5486025380634358 	 0.02017172727236005
0.5548053304129004 	 -0.05254186305635127
0.5610782548347872 	 0.06231857332533244
0.5674221042796428 	 -0.0772644790766649
0.5738376806635345 	 0.19598755246878766
0.5803257949694199 	 -0.16603488719062703
0.5868872673496607 	 -0.04004334764049325
0.5935229272296988 	 0.16790823614010042
0.6002336134129013 	 -0.08727857963787755
0.6070201741865928 	 -0.08110704002772609
0.6138834674292861 	 0.14601611892434482
0.6208243607191256 	 -0.09801010027883442
0.6278437314435542 	 -0.045314673942169356
0.6349424669102265 	 0.10921761867604367
0.6421214644591686 	 -0.1466430290202544
0.6493816315762111 	 0.05219070520805319
0.656723886007703 	 0.050163707190151986
0.6641491558765205 	 -0.032721662745969736
0.6716583797993922 	 -0.003878975791465262
0.6792525070055476 	 -0.008773894152475098
0.6869324974567061 	 0.001860538828150205
0.6946993219684263 	 0.02688178907670464
0.7025539623328243 	 0.03211594816376083
0.7104974114426789 	 -0.00895042195000923
0.7185306734169452 	 -0.05363515657456372
0.7266547637276809 	 0.05230963881838494
0.7348707093284116 	 0.013144274930382402
0.7431795487839467 	 -0.03284611848100282
0.7515823324016603 	 0.015958484139875218
0.7600801223642626 	 -0.029090225525756408
0.7686739928640668 	 0.04771231558589951
0.7773650302387757 	 -0.055588503714644244
0.786154333108805 	 -0.02114067279504381
0.7950430125161579 	 0.0731305959408613
0.8040321920648683 	 -0.014789385749655675
0.8131230080630372 	 -0.08413423933700392
0.8223166096664691 	 0.07869083899987346
0.8316141590239366 	 0.0016725994413485203
0.8410168314240842 	 -0.012673244192846727
0.8505258154439966 	 -0.008889295923680401
0.8601423130994413 	 0.003685956331113387
0.8698675399968184 	 0.023037923460332378
0.8797027254868204 	 -0.009647125641807438
0.8896491128198329 	 -0.01111309173337447
0.8997079593030934 	 0.0021372300844521887
0.9098805364596216 	 0.008888961287198075
0.9201681301889559 	 -0.009706511203773952
0.930572040929699 	 0.003965607585891252
0.9410935838239042 	 -0.007754938023886983
0.9517340888833212 	 0.00680106811001371
0.9624949011575216 	 -0.010665421605371725
0.9733773809039206 	 0.0411499827057884
0.9843829037597307 	 -0.07546732571844221
0.9955128609158502 	 0.07905742106361244
1.0067686592927223 	 -0.045681252171049146
1.0181517217181815 	 0.010834070347800866
1.0296634871073127 	 0.004660045458064714
1.0413054106443371 	 -0.012974241511510526
1.0530789639665672 	 0.023342664445070837
1.064985635350429 	 -0.02572251431103311
1.0770269298995936 	 0.01687851244046101
1.0892043697352374 	 -0.006435814544855455
1.1015194941884454 	 0.01374063735341461
1.1139738599948026 	 -0.024415136701696472
1.1265690414911744 	 0.022227083922398732
1.1393066308147166 	 -0.008115004425285828
1.1521882381041355 	 -0.005397095662736131
1.1652154917032238 	 -0.000841512297078805
1.1783900383666925 	 0.010028145681141907
1.1917135434683421 	 -0.008359113319784364
1.2051876912115738 	 -0.004212480897829677
1.2188141848422895 	 0.018249493557782187
1.2325947468641971 	 -0.008920207112733983
1.2465311192565451 	 -0.009269145599666429
1.2606250636943301 	 0.027786468799287842
1.274878361770983 	 -0.03144719857002378
1.2892928152235776 	 0.01767361258687899
1.303870246160588 	 -0.00868812626693176
1.3186124972922164 	 0.002987920234707476
1.3335214321633246 	 -0.006960918563661001
1.348598935389008 	 0.011511685184276503
1.3638469128928226 	 -0.003443685364178553
1.3792672921477107 	 -0.0049721783857414195
1.3948620224196495 	 0.020042119547291126
1.410633075014057 	 -0.02658681703202262
1.426582443524975 	 0.023039774867262705
1.4427121440870854 	 -0.018441836737293393
1.4590242156305606 	 0.006520284364296315
1.4755207201388028 	 -0.0004536638780739662
1.492203742909098 	 -0.0016518656327602788
1.509075392816209 	 0.004665388989443135
1.5261378025789634 	 0.00017211199923965743
1.5433931290298422 	 -0.00022987646229642123
1.5608435533876228 	 0.001924589850882399
1.5784912815331023 	 -0.005138565956061101
1.596338544287943 	 0.003219672029488055
1.6143875976966597 	 -0.0046989573497864074
1.6326407233118119 	 0.004167544665068992
1.6511002284824052 	 -0.0008344291046613223
1.669768446645562 	 0.0014750779397768713
1.6886477376214861 	 0.0022385445026122976
1.707740487911768 	 -0.004030039572231831
1.7270491110010486 	 0.004077594050582727
1.7465760476621184 	 -0.006416178777482231
1.7663237662644407 	 0.005898570096722969
1.7862947630861787 	 -0.0048973473579645155
1.8064915626297473 	 0.005599915804394596
1.826916717940925 	 -0.00325209780088368
1.847572810931589 	 0.00267898647593004
1.868462452706086 	 -0.0021237519533754447
1.8895882838912978 	 0.0006162376416809372
1.91095297497044 	 -0.0001297491504715759
1.9325592266206346 	 -2.5226887937193938e-5
1.954409770054291 	 0.001042373124598941
1.976507367364367 	 -0.0008054063541325173
1.9988548118735103 	 0.0010743084415382055
2.0214549284871626 	 -0.0010590339616315771
2.0443105740506518 	 0.0013240678768985709
2.0674246377103143 	 -0.0009175755230120399
2.090800041278719 	 0.000976648558518349
2.1144397396040007 	 -0.001031772561873537
2.1383467209433813 	 0.0008137096770217658
2.162524007340908 	 -0.00035645897768451146
2.1869746550094713 	 0.001097176643873345
2.211701754717123 	 -0.00032809994939462904
2.2367084321777915 	 0.00016274416308288935
2.2619978484463887 	 -0.0007075050460616067
2.2875732003183953 	 0.00032351479112324835
2.313437720733965 	 0.0003870774440890717
2.339594679186594 	 0.0007519768446807673
2.3660473821364087 	 -0.00010774518821930553
2.392799173428138 	 -0.0004190994892971822
2.419853434713799 	 -0.0003326325485247048
2.447213585880166 	 0.00040550410416414443
2.4748830854810753 	 0.0007489416941026964
2.5028654311746092 	 0.0002292772627695649
2.531164160165239 	 -0.00034939622536694264
2.559782849650952 	 -0.00043912122370694224
2.58872511727544 	 0.0003049010996547987
2.6179946215854 	 0.0006073345382726443
2.6475950624930076 	 0.0003294342585534001
2.6775301817436086 	 -0.0003450368436590536
2.7078037633887213 	 -0.000210800700568968
2.7384196342643614 	 0.00022134544927796118
2.769381664474791 	 0.0005267506888289111
2.8006937678817296 	 7.146836934760632e-5
2.832359902599105 	 -0.00014049835683908047
2.8643840714933804 	 -3.954890780660194e-5
2.896770322689566 	 0.00030672179406220735
2.9295227500829233 	 0.00016944204196577323
2.9626454938564772 	 4.5297254205290556e-5
2.9961427410043626 	 4.310776220642077e-5
3.030018725861104 	 0.0001616509638511327
3.064277730636854 	 4.378429369607398e-5
3.098924085958733 	 7.273182908188998e-5
3.133962171418218 	 0.00021437773987705093
3.1693964161247834 	 0.000172609050370395
3.2052312992657854 	 -9.609885572308427e-5
3.241471350672637 	 2.2841137211697245e-5
3.278121151393459 	 0.00034585658935598835
3.3151853342721234 	 0.0001986132160804929
3.3526685845339013 	 -0.00019880518330223684
3.3905756403777327 	 3.312714502234444e-5
3.4289112935751342 	 0.0004291930051969913
3.467680390075964 	 0.0001245487305574407
3.5068878306209545 	 -0.00023983004548148984
3.5465385713612183 	 0.0001644285315816279
3.586637624484771 	 0.00040752042873069925
3.62719005885007 	 -4.4772849731519486e-5
3.668201000626808 	 -0.00012529008101867827
3.7096756339438586 	 0.00031347228748719727
3.751619201544639 	 0.0002036183361995117
3.7940370054497974 	 -0.00010584668505823567
3.8369344076274485 	 0.00012010563117182179
3.880316830670993 	 0.00023422805411629942
3.924189758484534 	 2.3286703660671354e-5
3.968558736976139 	 8.030577088700348e-5
4.013429374758846 	 0.00013795296777654428
4.058807343859654 	 7.485647340641325e-5
4.104698380436546 	 0.0001529985177132859
4.151108285503527 	 6.545832368050544e-5
4.198042925663986 	 3.675246493664796e-5
4.245508233852231 	 0.0002479007561691831
4.293510210083482 	 2.6234546899619094e-5
4.342054922212349 	 -1.1590368988368635e-6
4.391148506699807 	 0.0003012573749884817
4.440797169388955 	 3.7313034510296462e-6
4.491007186289427 	 -7.3288443091780655e-6
4.541784904370796 	 0.00032826810386433043
4.593136742364824 	 -5.440851744692492e-5
4.6450691915768765 	 7.930269077174851e-5
4.697588816706494 	 0.0002549592769277048
4.750702256677173 	 -4.754325597365962e-5
4.804416225475648 	 0.00014966937020135412
4.858737513000532 	 0.0001556019846541942
4.913672985920653 	 1.0883416354855207e-5
4.969229588543073 	 0.00017221147777536552
5.025414343690852 	 6.059287339405639e-5
5.0822343535908665 	 0.00014229689797319115
5.139696800771518 	 3.612287353274823e-5
5.1978089489707004 	 0.0001869191150261189
5.256578144054023 	 3.257489807776343e-5
5.316011814943325 	 0.00011474426644070145
5.3761174745558264 	 0.00016420762791718215
5.436902720753756 	 -2.3215010033613237e-5
5.498375237304849 	 0.00025237673126247615
5.560542794853586 	 -3.1488684066617344e-5
5.623413251903489 	 0.00018619709470897122
5.686994555810533 	 7.734101440775684e-5
5.751294743787692 	 7.465754943644541e-5
5.816321943920985 	 0.0001598554009996563
5.882084376196875 	 3.6236416496681575e-5
5.948590353541364 	 0.0001556522333213401
6.0158482828708495 	 7.057363602109402e-5
6.083866666154764 	 0.00010757602659639161
6.1526541014903735 	 0.00011775742122215655
6.222219284189575 	 7.103302982709088e-5
6.292571007878093 	 0.00013936826036674066
6.363718165607097 	 6.418067686401397e-5
6.435669750977284 	 0.00013437878972146942
6.508434859275834 	 7.69617480987951e-5
6.582022688626037 	 0.00011775437400822344
6.6564425411501125 	 9.423898629461736e-5
6.731703824144987 	 0.00010198863663134728
6.807816051271497 	 0.00010727754860169459
6.884788843757026 	 9.211915423033784e-5
6.9626319316116305 	 0.00011404395026340951
7.041355154858088 	 8.807675906679561e-5
7.120968464775676 	 0.00011586348995065536
7.201481925158131 	 8.794710037022295e-5
7.282905713585839 	 0.00011478064024257133
7.365250122712276 	 8.983019956267858e-5
7.448525561565192 	 0.00011241578898697342
7.532742556862301 	 9.242697728874898e-5
7.617911754341996 	 0.00010975970021234445
7.704043920109097 	 9.501501668369773e-5
7.791149941995678 	 0.00010731557100357733
7.879240830937494 	 9.726203097963347e-5
7.968327722365764 	 0.00010528719675339265
8.058421877614819 	 9.90578826840309e-5
8.14953468534567 	 0.00010371833833210406
8.241677662985536 	 0.00010040444998175396
8.334862458183862 	 0.0001025766698332496
8.429100850284552 	 0.00010135363970821463
8.524404751815116 	 0.00010179835738711382
8.620786209992376 	 0.00010197571192136357
8.718257408245423 	 0.0001013106313907901
8.816830667755713 	 0.00010234313733441193
8.916518449014484 	 0.00010104329396824025
9.017333353397984 	 0.0001025224168014249
9.119288124760278 	 0.00010093440376508355
9.222395651044236 	 0.00010257049887048411
9.32666896591071 	 0.00010093213665837784
9.432121250386004 	 0.00010253401910633803
9.538765834528185 	 0.0001009950285917562
9.646616199112003 	 0.00010244933448764034
9.755685977333021 	 0.00010109168451494878
9.865988956531027 	 0.00010234304563368557
9.977539079932734 	 0.0001011999879770871
10.090350448414478 	 0.00010223320825042149
10.204437322284534 	 0.00010130544771840443
10.319814123085886 	 0.00010213116841200204
10.436495435419108 	 0.0001013994832971039
10.554496008786028 	 0.00010204306869693593
10.673830759454255 	 0.00010147807023679912
10.79451477234258 	 0.00010197108408357249
10.916563302927997 	 0.00010154056422797674
11.039991779173986 	 0.00010191467728196826
11.164815803480792 	 0.00010158832160471986
11.291051154657763 	 0.00010187193514592631
11.41871378991779 	 0.00010162361246256631
11.547819846894585 	 0.0001018403627070782
11.678385645682477 	 0.00010164904448859808
11.81042769089947 	 0.00010181729805088141
11.943962673773628 	 0.00010166724336347872
12.07900747425284 	 0.00010180025614585382
12.21557916313876 	 0.00010168043545719712
12.353695004244525 	 0.00010178731240148492
12.49337245657722 	 0.00010169023665054269
12.634629176544696 	 0.00010177712374982145
12.777483020187546 	 0.00010169775171127835
12.921952045436338 	 0.00010176876378320512
13.068054514394118 	 0.00010170376342909763
13.215808895645088 	 0.00010176161183476114
13.365233866589024 	 0.00010170872442141754
13.516348315802327 	 0.00010175538775579334
13.669171345425765 	 0.00010171279206589176
13.823722273578989 	 0.00010175001633300056
13.980020636802692 	 0.00010171600721188818
14.13808619252802 	 0.00010174544522441529
14.297938921574152 	 0.0001017184470987771
14.459599030674127 	 0.00010174157735869238
14.623086955028954 	 0.00010172018751714556
14.788423360891018 	 0.00010173834959542247
14.955629148176243 	 0.00010172127058405901
15.124725453106233 	 0.00010173570172542562
15.295733650879896 	 0.00010172176514094142
15.468675358375508 	 0.00010173351259238302
15.643572436883362 	 0.000101721815810167
15.82044699486903 	 0.00010173160842278072
15.999321390768273 	 0.00010172156181487676
16.180218235813154 	 0.00010172986775508142
16.363160396890347 	 0.00010172108113545693
16.54817099943182 	 0.00010172821501685287
16.735273430337873 	 0.00010172042905353736
16.924491340933653 	 0.00010172657630642906
17.115848649958696 	 0.00010171967413183593
17.309369546590553 	 0.0001017248793245967
17.505078493502566 	 0.00010171885215579828
17.703000229955975 	 0.00010172311297150967
17.903159774927406 	 0.00010171794272113606
18.105582430271205 	 0.00010172130462531529
18.310293783918112 	 0.0001017169147303562
18.51731971310951 	 0.00010171947004408329
18.726686387668668 	 0.00010171576724599217
18.93842027330889 	 0.0001017176038494608
19.15254813497881 	 0.00010171449729030163
19.36909704024594 	 0.00010171572304542018
19.588094362718024 	 0.0001017130840706202
19.809567785503383 	 0.000101713846720086
20.03354530471041 	 0.00010171152069972451
20.26005523298626 	 0.00010171196821371077
20.48912620309609 	 0.0001017098415536933
20.72078717154223 	 0.00010171014844327747
20.955067422224648 	 0.00010170831963052331
21.191996570142788 	 0.00010170875997055846
21.431604565138883 	 0.00010170740120020012
21.673921695684182 	 0.00010170823338439609
21.918978592707408 	 0.00010170751225331452
22.166806233466865 	 0.00010170894694818748
22.41743594546634 	 0.00010170903197614601
22.670899410414908 	 0.00010171119562700357
22.92722866823207 	 0.00010171223749733037
23.186456121097546 	 0.00010171518564103974
23.448614537547524 	 0.00010171726108487906
23.713737056616573 	 0.00010172099614691311
23.981857192026833 	 0.00010172408201876181
24.253008836424556 	 0.00010172854047653514
24.527226265664122 	 0.00010173252371991
24.804544143141143 	 0.0001017375522402573
25.084997524173897 	 0.00010174223684457224
25.368621860434764 	 0.00010174760846848968
25.65545300443173 	 0.00010175270172769717
25.945527214040144 	 0.00010175814293487297
26.238881157086382 	 0.00010176327394411247
26.535551915982644 	 0.00010176847040134053
26.835576992414627 	 0.00010177324190181332
27.138994312082186 	 0.00010177784497991109
27.445842229493138 	 0.0001017818771544671
27.75615953281199 	 0.00010178555008098332
28.069985448762672 	 0.0001017885049015769
28.38735964758755 	 0.00010179097422056971
28.708322248061712 	 0.00010179259714857056
29.032913822564478 	 0.00010179368450133192
29.361175402208236 	 0.0001017938559964187
29.69314848202477 	 0.00010179350203935127
30.028875026210997 	 0.00010179226602395067
30.368397473433223 	 0.0001017905646835355
30.711758742191897 	 0.00010178812469568881
31.05900223624707 	 0.00010178533970663206
31.41017185010456 	 0.00010178204322138453
31.765311974565087 	 0.00010177858791435969
32.1244675023352 	 0.00010177491546318827
32.48768383370232 	 0.00010177124052429819
32.85500688227382 	 0.00010176751609006634
33.22648308078056 	 0.00010176374597897334
33.6021593869468 	 0.0001017599713109279
33.982083289425574 	 0.00010175610090510057
34.36630281380218 	 0.00010175226203069892
34.754866528664536 	 0.00010174829871259375
35.147823551742896 	 0.00010174437756665743
35.54522355611889 	 0.00010174032283375284
35.947116776504224 	 0.00010173630880780237
36.35355401559123 	 0.00010173216018464565
36.764586650474335 	 0.00010172804133995804
37.18026663914474 	 0.00010172379874039907
37.60064652705858 	 0.00010171956173726034
38.0257794537786 	 0.00010171522258136683
38.455719159691995 	 0.00010171085987439093
38.89051999280322 	 0.00010170641302237442
39.33023691560415 	 0.0001017019236444956
39.774925512022094 	 0.0001016973548606007
40.224641994445555 	 0.00010169273620769473
40.67944321083049 	 0.00010168803453141175
41.139386651885836 	 0.00010168328029607556
41.60453045834137 	 0.00010167843532559519
42.074933428296724 	 0.00010167354090295865
42.550655024654105 	 0.00010166853879950618
43.031755382635176 	 0.00010166350014079565
43.51829531738216 	 0.00010165832983864294
44.01033633164594 	 0.0001016531365595465
44.507940623559996 	 0.00010164779195172037
45.01117109450304 	 0.00010164243073830493
45.520091357050504 	 0.00010163690526746512
46.034765743015086 	 0.00010163136351762859
46.5552593115796 	 0.00010162564903300786
47.08163785752032 	 0.00010161991405046793
47.61396791952432 	 0.00010161400271569729
48.15231678860072 	 0.00010160806014702006
48.696752516586294 	 0.00010160194407410724
49.24734392474843 	 0.00010159577963771577
49.804160612484075 	 0.00010158944893518264
50.36727296611836 	 0.00010158305036555707
50.93675216780139 	 0.00010157649141399847
51.512670204506584 	 0.00010156984826127977
52.095099877130664 	 0.00010156304632869147
52.68411480969567 	 0.0001015561467962595
53.279789458656424 	 0.00010154908729737442
53.882199122311754 	 0.0001015419189242239
54.49141995032316 	 0.00010153458595844367
55.10752895334105 	 0.00010152713675008927
55.73060401273884 	 0.00010151951282518667
56.36072389045859 	 0.00010151176999816142
56.99796823896654 	 0.00010150383825168079
57.6424176113221 	 0.00010149578624579226
58.29415347136078 	 0.00010148753118381488
58.95325820399114 	 0.00010147915203690972
59.61981512560979 	 0.00010147055807511336
60.2939084946326 	 0.0001014618333831717
60.97562352214592 	 0.00010145288325141961
61.66504638267831 	 0.00010144379424323891
62.36226422509301 	 0.00010143447015610565
63.06736518360515 	 0.0001014249962527596
63.780438388921745 	 0.0001014152804311427
64.50157397950952 	 0.00010140539970912438
65.2308631129883 	 0.00010139527296900358
65.96839797765455 	 0.00010138496377121488
66.714271804135 	 0.0001013744043660156
67.46857887717098 	 0.00010136364523670941
68.23141454753787 	 0.00010135262974853141
69.00287524409718 	 0.00010134139822285705
69.78305848598663 	 0.00010132990227410686
70.57206289494744 	 0.00010131817463337752
71.36998820779033 	 0.00010130617250518961
72.17693528900398 	 0.00010129392433034906
72.99300614350427 	 0.00010128138852547362
73.81830392952901 	 0.00010126859426319007
74.65293297167831 	 0.00010125549644327992
75.49699877410124 	 0.00010124212837049967
76.3506080338335 	 0.00010122843976223534
77.21386865428367 	 0.00010121446800933033
78.08688975887434 	 0.00010120015879128853
78.96978170483513 	 0.00010118555205203371
79.86265609715329 	 0.00010117059067759318
80.76562580268187 	 0.000101155316161978
81.67880496440608 	 0.00010113966979727569
82.60230901587308 	 0.00010112369264980938
83.5362546957827 	 0.0001011073271556563
84.48076006274466 	 0.00010109061069471639
85.43594451020267 	 0.00010107349005000773
86.40192878152558 	 0.00010105599629770497
87.37883498527175 	 0.00010103808198259505
88.3667866106234 	 0.00010101977164064219
89.36590854299715 	 0.00010100102303781213
90.37632707983117 	 0.00010098185479769591
91.39816994654903 	 0.00010096222932048212
92.43156631270655 	 0.00010094215994384941
93.47664680831872 	 0.0001009216126989778
94.53354354037364 	 0.00010090059705634326
95.60239010953084 	 0.00010087908065390526
96.68332162701007 	 0.0001008570715690824
97.77647473167094 	 0.00010083453641698293
98.88198760728406 	 0.00010081148396205085
