#x 	 mu 	 F
0.0	 -1.0 	 0.0 	 
0.0	 -0.8947368421052632 	 39.52823528578971 	 
0.0	 -0.7894736842105263 	 39.49223091301837 	 
0.0	 -0.6842105263157895 	 39.60279583107305 	 
0.0	 -0.5789473684210527 	 39.64452375324391 	 
0.0	 -0.4736842105263158 	 39.474697060429925 	 
0.0	 -0.368421052631579 	 39.53323409417289 	 
0.0	 -0.26315789473684215 	 39.44096289121459 	 
0.0	 -0.1578947368421053 	 39.63715353898512 	 
0.0	 -0.052631578947368474 	 39.36372083017079 	 
0.0	 0.05263157894736836 	 39.43654257179067 	 
0.0	 0.1578947368421053 	 39.41902297772945 	 
0.0	 0.26315789473684204 	 39.45107078768193 	 
0.0	 0.36842105263157876 	 39.5191598402359 	 
0.0	 0.4736842105263157 	 39.43715494047269 	 
0.0	 0.5789473684210527 	 39.46710449300572 	 
0.0	 0.6842105263157894 	 39.48202736007521 	 
0.0	 0.7894736842105261 	 39.44367944892394 	 
0.0	 0.894736842105263 	 39.513342479838684 	 
0.0	 1.0 	 0.0 	 
0.1	 -1.0 	 0.0 	 
0.1	 -0.8947368421052632 	 38.89935772134549 	 
0.1	 -0.7894736842105263 	 39.04163787673463 	 
0.1	 -0.6842105263157895 	 38.49543261527032 	 
0.1	 -0.5789473684210527 	 38.390577108897574 	 
0.1	 -0.4736842105263158 	 38.223647682431846 	 
0.1	 -0.368421052631579 	 38.305185580016584 	 
0.1	 -0.26315789473684215 	 38.17881028845642 	 
0.1	 -0.1578947368421053 	 38.171290039108506 	 
0.1	 -0.052631578947368474 	 38.22043643795008 	 
0.1	 0.05263157894736836 	 38.2107492624306 	 
0.1	 0.1578947368421053 	 38.34856814508109 	 
0.1	 0.26315789473684204 	 38.38379800760282 	 
0.1	 0.36842105263157876 	 38.35156154162341 	 
0.1	 0.4736842105263157 	 38.402421662594655 	 
0.1	 0.5789473684210527 	 38.536073118603944 	 
0.1	 0.6842105263157894 	 38.88743773748809 	 
0.1	 0.7894736842105261 	 38.88875622801626 	 
0.1	 0.894736842105263 	 39.11521560741061 	 
0.1	 1.0 	 0.0 	 
0.2	 -1.0 	 0.0 	 
0.2	 -0.8947368421052632 	 38.44709425260101 	 
0.2	 -0.7894736842105263 	 37.444780262713884 	 
0.2	 -0.6842105263157895 	 37.27999635297472 	 
0.2	 -0.5789473684210527 	 37.271134431116344 	 
0.2	 -0.4736842105263158 	 37.040995220504264 	 
0.2	 -0.368421052631579 	 36.94499564138977 	 
0.2	 -0.26315789473684215 	 37.042165297004736 	 
0.2	 -0.1578947368421053 	 36.9844384169702 	 
0.2	 -0.052631578947368474 	 36.8534157002624 	 
0.2	 0.05263157894736836 	 37.04765201698205 	 
0.2	 0.1578947368421053 	 37.28420096267691 	 
0.2	 0.26315789473684204 	 37.26210931753189 	 
0.2	 0.36842105263157876 	 37.32280509725854 	 
0.2	 0.4736842105263157 	 37.410712565167664 	 
0.2	 0.5789473684210527 	 37.61994474288859 	 
0.2	 0.6842105263157894 	 37.85955024201574 	 
0.2	 0.7894736842105261 	 38.15197837058454 	 
0.2	 0.894736842105263 	 38.43467888504537 	 
0.2	 1.0 	 0.0 	 
0.3	 -1.0 	 0.0 	 
0.3	 -0.8947368421052632 	 37.189380983089926 	 
0.3	 -0.7894736842105263 	 36.473685088706695 	 
0.3	 -0.6842105263157895 	 36.076214544552506 	 
0.3	 -0.5789473684210527 	 35.97903879701175 	 
0.3	 -0.4736842105263158 	 35.56188344076004 	 
0.3	 -0.368421052631579 	 35.69355575397425 	 
0.3	 -0.26315789473684215 	 35.59760225389655 	 
0.3	 -0.1578947368421053 	 35.78315850358742 	 
0.3	 -0.052631578947368474 	 35.750235351567625 	 
0.3	 0.05263157894736836 	 35.94362315786331 	 
0.3	 0.1578947368421053 	 36.144832971425416 	 
0.3	 0.26315789473684204 	 36.07431316950663 	 
0.3	 0.36842105263157876 	 36.414916114006445 	 
0.3	 0.4736842105263157 	 36.75428861137362 	 
0.3	 0.5789473684210527 	 36.99984308828155 	 
0.3	 0.6842105263157894 	 37.09455040746951 	 
0.3	 0.7894736842105261 	 38.00967485107283 	 
0.3	 0.894736842105263 	 38.19285575072554 	 
0.3	 1.0 	 0.0 	 
0.4	 -1.0 	 0.0 	 
0.4	 -0.8947368421052632 	 36.648773209619996 	 
0.4	 -0.7894736842105263 	 35.203436576290635 	 
0.4	 -0.6842105263157895 	 34.55861632839603 	 
0.4	 -0.5789473684210527 	 34.41703052964243 	 
0.4	 -0.4736842105263158 	 34.2623459464523 	 
0.4	 -0.368421052631579 	 34.26873353329789 	 
0.4	 -0.26315789473684215 	 34.308847946527784 	 
0.4	 -0.1578947368421053 	 34.41966734391588 	 
0.4	 -0.052631578947368474 	 34.48165736974754 	 
0.4	 0.05263157894736836 	 34.7538112501114 	 
0.4	 0.1578947368421053 	 35.04222101430709 	 
0.4	 0.26315789473684204 	 35.18368516460249 	 
0.4	 0.36842105263157876 	 35.511521298480694 	 
0.4	 0.4736842105263157 	 35.834265193013955 	 
0.4	 0.5789473684210527 	 36.40194197912926 	 
0.4	 0.6842105263157894 	 36.59791489294874 	 
0.4	 0.7894736842105261 	 37.1034644569097 	 
0.4	 0.894736842105263 	 37.977447472777165 	 
0.4	 1.0 	 0.0 	 
0.5	 -1.0 	 0.0 	 
0.5	 -0.8947368421052632 	 34.90980874868134 	 
0.5	 -0.7894736842105263 	 33.61077622829159 	 
0.5	 -0.6842105263157895 	 33.11508668210474 	 
0.5	 -0.5789473684210527 	 32.86502503706097 	 
0.5	 -0.4736842105263158 	 32.85042073345859 	 
0.5	 -0.368421052631579 	 33.03926725188421 	 
0.5	 -0.26315789473684215 	 33.17331732896967 	 
0.5	 -0.1578947368421053 	 33.32834748906174 	 
0.5	 -0.052631578947368474 	 33.48456727994597 	 
0.5	 0.05263157894736836 	 33.82430287777886 	 
0.5	 0.1578947368421053 	 34.0955685146668 	 
0.5	 0.26315789473684204 	 34.43537201198995 	 
0.5	 0.36842105263157876 	 34.812838602539166 	 
0.5	 0.4736842105263157 	 35.12869789467368 	 
0.5	 0.5789473684210527 	 35.54472440260139 	 
0.5	 0.6842105263157894 	 36.22961406259871 	 
0.5	 0.7894736842105261 	 36.84327761878008 	 
0.5	 0.894736842105263 	 37.44223698216063 	 
0.5	 1.0 	 0.0 	 
0.6	 -1.0 	 0.0 	 
0.6	 -0.8947368421052632 	 32.78997217369741 	 
0.6	 -0.7894736842105263 	 31.79536990957748 	 
0.6	 -0.6842105263157895 	 31.381436440969296 	 
0.6	 -0.5789473684210527 	 31.28195471735889 	 
0.6	 -0.4736842105263158 	 31.425124758337343 	 
0.6	 -0.368421052631579 	 31.621796060247636 	 
0.6	 -0.26315789473684215 	 32.10507808068079 	 
0.6	 -0.1578947368421053 	 32.12839569035059 	 
0.6	 -0.052631578947368474 	 32.45551988552809 	 
0.6	 0.05263157894736836 	 32.88638029520456 	 
0.6	 0.1578947368421053 	 33.2344927822113 	 
0.6	 0.26315789473684204 	 33.61854399389533 	 
0.6	 0.36842105263157876 	 34.031071458011176 	 
0.6	 0.4736842105263157 	 34.73864686185799 	 
0.6	 0.5789473684210527 	 35.08283597051101 	 
0.6	 0.6842105263157894 	 35.620607564897334 	 
0.6	 0.7894736842105261 	 36.34871740494687 	 
0.6	 0.894736842105263 	 37.1457847372951 	 
0.6	 1.0 	 0.0 	 
0.7	 -1.0 	 0.0 	 
0.7	 -0.8947368421052632 	 30.594016004194632 	 
0.7	 -0.7894736842105263 	 29.861126829118692 	 
0.7	 -0.6842105263157895 	 29.681150935962815 	 
0.7	 -0.5789473684210527 	 29.781752088074484 	 
0.7	 -0.4736842105263158 	 30.112963960608127 	 
0.7	 -0.368421052631579 	 30.404589107524885 	 
0.7	 -0.26315789473684215 	 30.76120706605989 	 
0.7	 -0.1578947368421053 	 31.130897703612664 	 
0.7	 -0.052631578947368474 	 31.509718683278965 	 
0.7	 0.05263157894736836 	 32.053158791497424 	 
0.7	 0.1578947368421053 	 32.511718380219634 	 
0.7	 0.26315789473684204 	 32.940796136788315 	 
0.7	 0.36842105263157876 	 33.40473819553219 	 
0.7	 0.4736842105263157 	 33.96795439912421 	 
0.7	 0.5789473684210527 	 34.694309524071954 	 
0.7	 0.6842105263157894 	 35.24757890831144 	 
0.7	 0.7894736842105261 	 36.17215600263337 	 
0.7	 0.894736842105263 	 37.083951324441514 	 
0.7	 1.0 	 0.0 	 
0.8	 -1.0 	 0.0 	 
0.8	 -0.8947368421052632 	 28.29068096320317 	 
0.8	 -0.7894736842105263 	 27.955824299303067 	 
0.8	 -0.6842105263157895 	 27.941751082473132 	 
0.8	 -0.5789473684210527 	 28.272994054091225 	 
0.8	 -0.4736842105263158 	 28.784870538619636 	 
0.8	 -0.368421052631579 	 29.380341939306163 	 
0.8	 -0.26315789473684215 	 29.72639100289777 	 
0.8	 -0.1578947368421053 	 30.242344798539456 	 
0.8	 -0.052631578947368474 	 30.75325016732884 	 
0.8	 0.05263157894736836 	 31.243978392546527 	 
0.8	 0.1578947368421053 	 31.797668156657178 	 
0.8	 0.26315789473684204 	 32.460855699461064 	 
0.8	 0.36842105263157876 	 33.04603592556559 	 
0.8	 0.4736842105263157 	 33.58106390127192 	 
0.8	 0.5789473684210527 	 34.33293600793455 	 
0.8	 0.6842105263157894 	 35.12671790885923 	 
0.8	 0.7894736842105261 	 35.7685015900645 	 
0.8	 0.894736842105263 	 36.76592439478146 	 
0.8	 1.0 	 0.0 	 
0.9	 -1.0 	 0.0 	 
0.9	 -0.8947368421052632 	 25.31743252797254 	 
0.9	 -0.7894736842105263 	 25.925113804861585 	 
0.9	 -0.6842105263157895 	 26.293870737576448 	 
0.9	 -0.5789473684210527 	 27.133894436286802 	 
0.9	 -0.4736842105263158 	 27.872275021483087 	 
0.9	 -0.368421052631579 	 28.14232788532013 	 
0.9	 -0.26315789473684215 	 28.748976425249797 	 
0.9	 -0.1578947368421053 	 29.335267757568896 	 
0.9	 -0.052631578947368474 	 29.939942096894328 	 
0.9	 0.05263157894736836 	 30.67547849437372 	 
0.9	 0.1578947368421053 	 31.10826654917621 	 
0.9	 0.26315789473684204 	 31.820434159740167 	 
0.9	 0.36842105263157876 	 32.38186945997283 	 
0.9	 0.4736842105263157 	 33.12537648512402 	 
0.9	 0.5789473684210527 	 34.00170529171569 	 
0.9	 0.6842105263157894 	 34.52615312485976 	 
0.9	 0.7894736842105261 	 35.491213000015264 	 
0.9	 0.894736842105263 	 36.909970422095974 	 
0.9	 1.0 	 0.0 	 
1.0	 -1.0 	 0.0 	 
1.0	 -0.8947368421052632 	 22.680686836940783 	 
1.0	 -0.7894736842105263 	 24.11133920951535 	 
1.0	 -0.6842105263157895 	 24.703305077269583 	 
1.0	 -0.5789473684210527 	 25.77676053549968 	 
1.0	 -0.4736842105263158 	 26.537040066515615 	 
1.0	 -0.368421052631579 	 27.262624696692637 	 
1.0	 -0.26315789473684215 	 27.894399005489824 	 
1.0	 -0.1578947368421053 	 28.62548447547663 	 
1.0	 -0.052631578947368474 	 29.1383499743026 	 
1.0	 0.05263157894736836 	 29.91564671635244 	 
1.0	 0.1578947368421053 	 30.600487892903853 	 
1.0	 0.26315789473684204 	 31.413014082811515 	 
1.0	 0.36842105263157876 	 31.96438323842941 	 
1.0	 0.4736842105263157 	 32.735933726081775 	 
1.0	 0.5789473684210527 	 33.4601748450498 	 
1.0	 0.6842105263157894 	 34.25426577300285 	 
1.0	 0.7894736842105261 	 35.33660734796422 	 
1.0	 0.894736842105263 	 36.64379698129402 	 
1.0	 1.0 	 0.0 	 
1.1	 -1.0 	 0.0 	 
1.1	 -0.8947368421052632 	 20.24300784360522 	 
1.1	 -0.7894736842105263 	 22.21680054219056 	 
1.1	 -0.6842105263157895 	 23.383809131756788 	 
1.1	 -0.5789473684210527 	 24.49872962246763 	 
1.1	 -0.4736842105263158 	 25.388595813126468 	 
1.1	 -0.368421052631579 	 26.328051231100613 	 
1.1	 -0.26315789473684215 	 27.073391999636453 	 
1.1	 -0.1578947368421053 	 27.86676075560056 	 
1.1	 -0.052631578947368474 	 28.661284133447662 	 
1.1	 0.05263157894736836 	 29.325426411155266 	 
1.1	 0.1578947368421053 	 30.118959665035426 	 
1.1	 0.26315789473684204 	 30.741562980988352 	 
1.1	 0.36842105263157876 	 31.542941978869496 	 
1.1	 0.4736842105263157 	 32.3693705366583 	 
1.1	 0.5789473684210527 	 33.24298704604213 	 
1.1	 0.6842105263157894 	 34.196922447176014 	 
1.1	 0.7894736842105261 	 35.06016094775849 	 
1.1	 0.894736842105263 	 36.71154098376801 	 
1.1	 1.0 	 0.0 	 
1.2	 -1.0 	 0.0 	 
1.2	 -0.8947368421052632 	 17.927178626461963 	 
1.2	 -0.7894736842105263 	 20.583582560879417 	 
1.2	 -0.6842105263157895 	 22.37283032196943 	 
1.2	 -0.5789473684210527 	 23.4443187507976 	 
1.2	 -0.4736842105263158 	 24.478730612817554 	 
1.2	 -0.368421052631579 	 25.47729830525644 	 
1.2	 -0.26315789473684215 	 26.473361546629555 	 
1.2	 -0.1578947368421053 	 27.143405116878125 	 
1.2	 -0.052631578947368474 	 28.013909246222948 	 
1.2	 0.05263157894736836 	 28.80361869791338 	 
1.2	 0.1578947368421053 	 29.627205284944107 	 
1.2	 0.26315789473684204 	 30.400956854058236 	 
1.2	 0.36842105263157876 	 31.2302205569771 	 
1.2	 0.4736842105263157 	 32.07622687115519 	 
1.2	 0.5789473684210527 	 32.81356167013014 	 
1.2	 0.6842105263157894 	 33.84406353229313 	 
1.2	 0.7894736842105261 	 34.93741631592959 	 
1.2	 0.894736842105263 	 37.15646778809777 	 
1.2	 1.0 	 0.0 	 
1.3	 -1.0 	 0.0 	 
1.3	 -0.8947368421052632 	 16.286483926201356 	 
1.3	 -0.7894736842105263 	 19.263400912553845 	 
1.3	 -0.6842105263157895 	 21.157597029666615 	 
1.3	 -0.5789473684210527 	 22.527566694673933 	 
1.3	 -0.4736842105263158 	 23.813480531548294 	 
1.3	 -0.368421052631579 	 24.907176603102968 	 
1.3	 -0.26315789473684215 	 25.79423781190435 	 
1.3	 -0.1578947368421053 	 26.737792946570522 	 
1.3	 -0.052631578947368474 	 27.63465684991654 	 
1.3	 0.05263157894736836 	 28.308781711305084 	 
1.3	 0.1578947368421053 	 29.19970743264581 	 
1.3	 0.26315789473684204 	 30.049381071549515 	 
1.3	 0.36842105263157876 	 30.77164999206742 	 
1.3	 0.4736842105263157 	 31.669703431252657 	 
1.3	 0.5789473684210527 	 32.65973615041894 	 
1.3	 0.6842105263157894 	 33.66969967962952 	 
1.3	 0.7894736842105261 	 34.710669485302645 	 
1.3	 0.894736842105263 	 36.30040473349088 	 
1.3	 1.0 	 0.0 	 
1.4	 -1.0 	 0.0 	 
1.4	 -0.8947368421052632 	 15.0650686450349 	 
1.4	 -0.7894736842105263 	 18.13169723114445 	 
1.4	 -0.6842105263157895 	 20.345477695569134 	 
1.4	 -0.5789473684210527 	 21.79033221982932 	 
1.4	 -0.4736842105263158 	 23.022213092075443 	 
1.4	 -0.368421052631579 	 24.055875378691894 	 
1.4	 -0.26315789473684215 	 25.262938429349703 	 
1.4	 -0.1578947368421053 	 26.104682346568374 	 
1.4	 -0.052631578947368474 	 27.15524527977516 	 
1.4	 0.05263157894736836 	 27.92040779915312 	 
1.4	 0.1578947368421053 	 28.861557617852096 	 
1.4	 0.26315789473684204 	 29.64808927735463 	 
1.4	 0.36842105263157876 	 30.611942049387263 	 
1.4	 0.4736842105263157 	 31.383219498451336 	 
1.4	 0.5789473684210527 	 32.422739614713194 	 
1.4	 0.6842105263157894 	 33.27860024895766 	 
1.4	 0.7894736842105261 	 34.613022835622296 	 
1.4	 0.894736842105263 	 36.18426230561609 	 
1.4	 1.0 	 0.0 	 
1.5	 -1.0 	 0.0 	 
1.5	 -0.8947368421052632 	 13.846164227789082 	 
1.5	 -0.7894736842105263 	 17.222496516342304 	 
1.5	 -0.6842105263157895 	 19.450642460674125 	 
1.5	 -0.5789473684210527 	 21.150771948091407 	 
1.5	 -0.4736842105263158 	 22.44161393226134 	 
1.5	 -0.368421052631579 	 23.757153824339948 	 
1.5	 -0.26315789473684215 	 24.712506393346416 	 
1.5	 -0.1578947368421053 	 25.651994441530917 	 
1.5	 -0.052631578947368474 	 26.744122014189134 	 
1.5	 0.05263157894736836 	 27.61393430092247 	 
1.5	 0.1578947368421053 	 28.57090675497277 	 
1.5	 0.26315789473684204 	 29.259130991665522 	 
1.5	 0.36842105263157876 	 30.230782792815695 	 
1.5	 0.4736842105263157 	 31.291103528216205 	 
1.5	 0.5789473684210527 	 32.20227816762439 	 
1.5	 0.6842105263157894 	 33.29455357500256 	 
1.5	 0.7894736842105261 	 34.45394575948113 	 
1.5	 0.894736842105263 	 35.862239659162405 	 
1.5	 1.0 	 0.0 	 
1.6	 -1.0 	 0.0 	 
1.6	 -0.8947368421052632 	 12.864023076233696 	 
1.6	 -0.7894736842105263 	 16.323112122520463 	 
1.6	 -0.6842105263157895 	 18.751699617221774 	 
1.6	 -0.5789473684210527 	 20.500008443192836 	 
1.6	 -0.4736842105263158 	 21.94262850902665 	 
1.6	 -0.368421052631579 	 23.038921948328277 	 
1.6	 -0.26315789473684215 	 24.135986108141708 	 
1.6	 -0.1578947368421053 	 25.373436365645173 	 
1.6	 -0.052631578947368474 	 26.28545472228703 	 
1.6	 0.05263157894736836 	 27.22929464977165 	 
1.6	 0.1578947368421053 	 28.079952283867907 	 
1.6	 0.26315789473684204 	 29.01543265356041 	 
1.6	 0.36842105263157876 	 30.546039156952375 	 
1.6	 0.4736842105263157 	 31.101087413851776 	 
1.6	 0.5789473684210527 	 32.091669742660116 	 
1.6	 0.6842105263157894 	 33.097519520502416 	 
1.6	 0.7894736842105261 	 34.34908028328288 	 
1.6	 0.894736842105263 	 36.04266682181371 	 
1.6	 1.0 	 0.0 	 
1.7	 -1.0 	 0.0 	 
1.7	 -0.8947368421052632 	 12.326338785984113 	 
1.7	 -0.7894736842105263 	 15.692892307923026 	 
1.7	 -0.6842105263157895 	 18.16161898014322 	 
1.7	 -0.5789473684210527 	 19.897541661970195 	 
1.7	 -0.4736842105263158 	 21.426667506148114 	 
1.7	 -0.368421052631579 	 22.68184297787052 	 
1.7	 -0.26315789473684215 	 23.86005503495879 	 
1.7	 -0.1578947368421053 	 24.7542864823971 	 
1.7	 -0.052631578947368474 	 25.87054285764826 	 
1.7	 0.05263157894736836 	 27.070340914163996 	 
1.7	 0.1578947368421053 	 27.859477677365103 	 
1.7	 0.26315789473684204 	 28.773553970308154 	 
1.7	 0.36842105263157876 	 29.71157681193801 	 
1.7	 0.4736842105263157 	 30.674371089336873 	 
1.7	 0.5789473684210527 	 31.817309705593583 	 
1.7	 0.6842105263157894 	 32.881454080812645 	 
1.7	 0.7894736842105261 	 33.99121543280859 	 
1.7	 0.894736842105263 	 35.93558046768402 	 
1.7	 1.0 	 0.0 	 
1.8	 -1.0 	 0.0 	 
1.8	 -0.8947368421052632 	 11.57664007865021 	 
1.8	 -0.7894736842105263 	 15.114238751942116 	 
1.8	 -0.6842105263157895 	 17.6035897345903 	 
1.8	 -0.5789473684210527 	 19.362904126148692 	 
1.8	 -0.4736842105263158 	 20.910296481858428 	 
1.8	 -0.368421052631579 	 22.191838255269655 	 
1.8	 -0.26315789473684215 	 23.3881387843425 	 
1.8	 -0.1578947368421053 	 24.49891009923024 	 
1.8	 -0.052631578947368474 	 25.610121848584086 	 
1.8	 0.05263157894736836 	 26.512936887420114 	 
1.8	 0.1578947368421053 	 27.529819244309984 	 
1.8	 0.26315789473684204 	 28.5543524500334 	 
1.8	 0.36842105263157876 	 29.43693694071133 	 
1.8	 0.4736842105263157 	 30.431163817757742 	 
1.8	 0.5789473684210527 	 31.667099323903027 	 
1.8	 0.6842105263157894 	 32.82787353502768 	 
1.8	 0.7894736842105261 	 34.139146899204114 	 
1.8	 0.894736842105263 	 35.597654028936915 	 
1.8	 1.0 	 0.0 	 
1.9	 -1.0 	 0.0 	 
1.9	 -0.8947368421052632 	 11.04065197927298 	 
1.9	 -0.7894736842105263 	 14.630399649584367 	 
1.9	 -0.6842105263157895 	 16.949341921759334 	 
1.9	 -0.5789473684210527 	 18.959841485063016 	 
1.9	 -0.4736842105263158 	 20.438936346124773 	 
1.9	 -0.368421052631579 	 21.911222861739144 	 
1.9	 -0.26315789473684215 	 23.092836536074174 	 
1.9	 -0.1578947368421053 	 24.292257671684922 	 
1.9	 -0.052631578947368474 	 25.342550800821364 	 
1.9	 0.05263157894736836 	 26.274452031049464 	 
1.9	 0.1578947368421053 	 27.43049640664914 	 
1.9	 0.26315789473684204 	 28.31496268784586 	 
1.9	 0.36842105263157876 	 29.411448171447674 	 
1.9	 0.4736842105263157 	 30.246851342349455 	 
1.9	 0.5789473684210527 	 31.498336020529063 	 
1.9	 0.6842105263157894 	 32.58257777653669 	 
1.9	 0.7894736842105261 	 33.969481352317665 	 
1.9	 0.894736842105263 	 35.82708355899169 	 
1.9	 1.0 	 0.0 	 
2.0	 -1.0 	 0.0 	 
2.0	 -0.8947368421052632 	 10.540428093700262 	 
2.0	 -0.7894736842105263 	 14.39460874303596 	 
2.0	 -0.6842105263157895 	 16.58741933976104 	 
2.0	 -0.5789473684210527 	 18.48484424424959 	 
2.0	 -0.4736842105263158 	 20.016814495539037 	 
2.0	 -0.368421052631579 	 21.35701747791878 	 
2.0	 -0.26315789473684215 	 22.752807472666028 	 
2.0	 -0.1578947368421053 	 23.930839260198958 	 
2.0	 -0.052631578947368474 	 25.129138423184685 	 
2.0	 0.05263157894736836 	 26.135915524176443 	 
2.0	 0.1578947368421053 	 27.20347469908787 	 
2.0	 0.26315789473684204 	 28.161241672702605 	 
2.0	 0.36842105263157876 	 29.214203763930332 	 
2.0	 0.4736842105263157 	 30.270887888506092 	 
2.0	 0.5789473684210527 	 31.37008072316081 	 
2.0	 0.6842105263157894 	 32.47253048544474 	 
2.0	 0.7894736842105261 	 33.75292811976586 	 
2.0	 0.894736842105263 	 35.72713535210695 	 
2.0	 1.0 	 0.0 	 
2.1	 -1.0 	 0.0 	 
2.1	 -0.8947368421052632 	 10.379429122913791 	 
2.1	 -0.7894736842105263 	 13.872106850759286 	 
2.1	 -0.6842105263157895 	 16.326252594586006 	 
2.1	 -0.5789473684210527 	 18.114387112744748 	 
2.1	 -0.4736842105263158 	 19.66379760684091 	 
2.1	 -0.368421052631579 	 21.14468558931378 	 
2.1	 -0.26315789473684215 	 22.49647273111757 	 
2.1	 -0.1578947368421053 	 23.722378807487615 	 
2.1	 -0.052631578947368474 	 24.726984973458407 	 
2.1	 0.05263157894736836 	 25.785306747315282 	 
2.1	 0.1578947368421053 	 26.929158396587308 	 
2.1	 0.26315789473684204 	 27.89177500259396 	 
2.1	 0.36842105263157876 	 28.985703113855568 	 
2.1	 0.4736842105263157 	 30.17458519384636 	 
2.1	 0.5789473684210527 	 31.075902760563906 	 
2.1	 0.6842105263157894 	 32.383163007875396 	 
2.1	 0.7894736842105261 	 33.71020017790875 	 
2.1	 0.894736842105263 	 35.58343262786112 	 
2.1	 1.0 	 0.0 	 
2.2	 -1.0 	 0.0 	 
2.2	 -0.8947368421052632 	 9.855754483689287 	 
2.2	 -0.7894736842105263 	 13.436144406113028 	 
2.2	 -0.6842105263157895 	 15.87954050672223 	 
2.2	 -0.5789473684210527 	 17.842066437390155 	 
2.2	 -0.4736842105263158 	 19.346133895822348 	 
2.2	 -0.368421052631579 	 21.002708614228606 	 
2.2	 -0.26315789473684215 	 22.100413790155898 	 
2.2	 -0.1578947368421053 	 23.442240622562714 	 
2.2	 -0.052631578947368474 	 24.55907972843269 	 
2.2	 0.05263157894736836 	 25.548982344907103 	 
2.2	 0.1578947368421053 	 26.694281757216228 	 
2.2	 0.26315789473684204 	 27.75026602434077 	 
2.2	 0.36842105263157876 	 28.833399928541386 	 
2.2	 0.4736842105263157 	 29.930989234591156 	 
2.2	 0.5789473684210527 	 30.98763448603061 	 
2.2	 0.6842105263157894 	 32.175172765337905 	 
2.2	 0.7894736842105261 	 33.71529094676639 	 
2.2	 0.894736842105263 	 35.591912737211544 	 
2.2	 1.0 	 0.0 	 
2.3	 -1.0 	 0.0 	 
2.3	 -0.8947368421052632 	 9.744893046784975 	 
2.3	 -0.7894736842105263 	 13.157381040314652 	 
2.3	 -0.6842105263157895 	 15.57289230333019 	 
2.3	 -0.5789473684210527 	 17.590350108162568 	 
2.3	 -0.4736842105263158 	 19.278755475239617 	 
2.3	 -0.368421052631579 	 20.72550425186905 	 
2.3	 -0.26315789473684215 	 21.93586366996957 	 
2.3	 -0.1578947368421053 	 23.184243700842917 	 
2.3	 -0.052631578947368474 	 24.699052945899798 	 
2.3	 0.05263157894736836 	 25.456133289334332 	 
2.3	 0.1578947368421053 	 26.48915690250164 	 
2.3	 0.26315789473684204 	 27.615209456527733 	 
2.3	 0.36842105263157876 	 28.66631117215213 	 
2.3	 0.4736842105263157 	 29.84123340316225 	 
2.3	 0.5789473684210527 	 30.945327373841774 	 
2.3	 0.6842105263157894 	 32.245048870008 	 
2.3	 0.7894736842105261 	 33.6252072865835 	 
2.3	 0.894736842105263 	 35.553602580100176 	 
2.3	 1.0 	 0.0 	 
2.4	 -1.0 	 0.0 	 
2.4	 -0.8947368421052632 	 9.404755453981876 	 
2.4	 -0.7894736842105263 	 12.95742325086034 	 
2.4	 -0.6842105263157895 	 15.379978118624308 	 
2.4	 -0.5789473684210527 	 17.217025348006647 	 
2.4	 -0.4736842105263158 	 19.015524103315524 	 
2.4	 -0.368421052631579 	 20.483380885592677 	 
2.4	 -0.26315789473684215 	 21.62627792623615 	 
2.4	 -0.1578947368421053 	 23.000958937384286 	 
2.4	 -0.052631578947368474 	 24.183830075831267 	 
2.4	 0.05263157894736836 	 25.29544123724555 	 
2.4	 0.1578947368421053 	 26.333680832517636 	 
2.4	 0.26315789473684204 	 27.428991737905392 	 
2.4	 0.36842105263157876 	 28.5752231700813 	 
2.4	 0.4736842105263157 	 29.630502965363196 	 
2.4	 0.5789473684210527 	 30.82612912642149 	 
2.4	 0.6842105263157894 	 32.270672087761035 	 
2.4	 0.7894736842105261 	 33.63309537720414 	 
2.4	 0.894736842105263 	 35.35075296833808 	 
2.4	 1.0 	 0.0 	 
2.5	 -1.0 	 0.0 	 
2.5	 -0.8947368421052632 	 9.26652362738526 	 
2.5	 -0.7894736842105263 	 12.759180754430638 	 
2.5	 -0.6842105263157895 	 14.954057434823163 	 
2.5	 -0.5789473684210527 	 17.025011553242244 	 
2.5	 -0.4736842105263158 	 18.6919293538155 	 
2.5	 -0.368421052631579 	 20.18205224233973 	 
2.5	 -0.26315789473684215 	 21.450153281852426 	 
2.5	 -0.1578947368421053 	 22.793276719576202 	 
2.5	 -0.052631578947368474 	 24.095313919205182 	 
2.5	 0.05263157894736836 	 25.09284655928984 	 
2.5	 0.1578947368421053 	 26.214066158892965 	 
2.5	 0.26315789473684204 	 27.37094920051033 	 
2.5	 0.36842105263157876 	 28.38803710831842 	 
2.5	 0.4736842105263157 	 29.53358950495778 	 
2.5	 0.5789473684210527 	 30.786739342573632 	 
2.5	 0.6842105263157894 	 32.007304477297765 	 
2.5	 0.7894736842105261 	 33.50883290813917 	 
2.5	 0.894736842105263 	 35.225006154735595 	 
2.5	 1.0 	 0.0 	 
2.6	 -1.0 	 0.0 	 
2.6	 -0.8947368421052632 	 9.049523496092567 	 
2.6	 -0.7894736842105263 	 12.442833198435036 	 
2.6	 -0.6842105263157895 	 15.008844418564895 	 
2.6	 -0.5789473684210527 	 16.83794285580705 	 
2.6	 -0.4736842105263158 	 18.45199342085843 	 
2.6	 -0.368421052631579 	 19.837469380488262 	 
2.6	 -0.26315789473684215 	 21.439924556975008 	 
2.6	 -0.1578947368421053 	 22.54268066701487 	 
2.6	 -0.052631578947368474 	 23.759583604834717 	 
2.6	 0.05263157894736836 	 24.919310225319478 	 
2.6	 0.1578947368421053 	 25.98400432667693 	 
2.6	 0.26315789473684204 	 27.215725256056366 	 
2.6	 0.36842105263157876 	 28.179776596503874 	 
2.6	 0.4736842105263157 	 29.43838183474627 	 
2.6	 0.5789473684210527 	 30.70773430291969 	 
2.6	 0.6842105263157894 	 31.905826065502456 	 
2.6	 0.7894736842105261 	 33.54108257721035 	 
2.6	 0.894736842105263 	 35.12448650757086 	 
2.6	 1.0 	 0.0 	 
2.7	 -1.0 	 0.0 	 
2.7	 -0.8947368421052632 	 8.925182483194018 	 
2.7	 -0.7894736842105263 	 12.21270374517133 	 
2.7	 -0.6842105263157895 	 14.612355319020153 	 
2.7	 -0.5789473684210527 	 16.655452399946693 	 
2.7	 -0.4736842105263158 	 18.07524904714862 	 
2.7	 -0.368421052631579 	 19.82111968804427 	 
2.7	 -0.26315789473684215 	 20.95228786539555 	 
2.7	 -0.1578947368421053 	 22.381834630356717 	 
2.7	 -0.052631578947368474 	 23.60175044956489 	 
2.7	 0.05263157894736836 	 24.74284775602951 	 
2.7	 0.1578947368421053 	 25.917872974344537 	 
2.7	 0.26315789473684204 	 27.0078202856928 	 
2.7	 0.36842105263157876 	 28.220811289104574 	 
2.7	 0.4736842105263157 	 29.54995078554888 	 
2.7	 0.5789473684210527 	 30.484583329612907 	 
2.7	 0.6842105263157894 	 31.905314667260132 	 
2.7	 0.7894736842105261 	 33.40343599706004 	 
2.7	 0.894736842105263 	 35.1929536433847 	 
2.7	 1.0 	 0.0 	 
2.8	 -1.0 	 0.0 	 
2.8	 -0.8947368421052632 	 8.647326453900265 	 
2.8	 -0.7894736842105263 	 11.95995829551124 	 
2.8	 -0.6842105263157895 	 14.438164572501453 	 
2.8	 -0.5789473684210527 	 16.459029618435615 	 
2.8	 -0.4736842105263158 	 18.132324918199835 	 
2.8	 -0.368421052631579 	 19.512849396553964 	 
2.8	 -0.26315789473684215 	 20.94368578851254 	 
2.8	 -0.1578947368421053 	 22.390069544593626 	 
2.8	 -0.052631578947368474 	 23.519894487102615 	 
2.8	 0.05263157894736836 	 24.486219657624783 	 
2.8	 0.1578947368421053 	 25.798485913930044 	 
2.8	 0.26315789473684204 	 26.935832249431655 	 
2.8	 0.36842105263157876 	 28.16661133175467 	 
2.8	 0.4736842105263157 	 29.304736239482263 	 
2.8	 0.5789473684210527 	 30.488068519652707 	 
2.8	 0.6842105263157894 	 31.77559205216176 	 
2.8	 0.7894736842105261 	 33.3393065300809 	 
2.8	 0.894736842105263 	 35.044691633140964 	 
2.8	 1.0 	 0.0 	 
2.9	 -1.0 	 0.0 	 
2.9	 -0.8947368421052632 	 8.654827832820592 	 
2.9	 -0.7894736842105263 	 11.846448763522426 	 
2.9	 -0.6842105263157895 	 14.256790373982545 	 
2.9	 -0.5789473684210527 	 16.168855615589933 	 
2.9	 -0.4736842105263158 	 17.878869128672886 	 
2.9	 -0.368421052631579 	 19.571265586716226 	 
2.9	 -0.26315789473684215 	 20.725321040496876 	 
2.9	 -0.1578947368421053 	 22.088570064016334 	 
2.9	 -0.052631578947368474 	 23.331072053761922 	 
2.9	 0.05263157894736836 	 24.577367857239775 	 
2.9	 0.1578947368421053 	 25.58279720945009 	 
2.9	 0.26315789473684204 	 26.798371767051407 	 
2.9	 0.36842105263157876 	 27.966824424184843 	 
2.9	 0.4736842105263157 	 29.21667973698226 	 
2.9	 0.5789473684210527 	 30.375391301634142 	 
2.9	 0.6842105263157894 	 31.715851871018298 	 
2.9	 0.7894736842105261 	 33.297860370416636 	 
2.9	 0.894736842105263 	 35.10956714716514 	 
2.9	 1.0 	 0.0 	 
3.0	 -1.0 	 0.0 	 
3.0	 -0.8947368421052632 	 8.488352625870474 	 
3.0	 -0.7894736842105263 	 11.60424498536329 	 
3.0	 -0.6842105263157895 	 14.20994488776354 	 
3.0	 -0.5789473684210527 	 16.04562351340231 	 
3.0	 -0.4736842105263158 	 17.71581062010567 	 
3.0	 -0.368421052631579 	 19.282628570945512 	 
3.0	 -0.26315789473684215 	 20.575785385206174 	 
3.0	 -0.1578947368421053 	 21.935351181292095 	 
3.0	 -0.052631578947368474 	 23.168643658768225 	 
3.0	 0.05263157894736836 	 24.284866378653305 	 
3.0	 0.1578947368421053 	 25.639480709988298 	 
3.0	 0.26315789473684204 	 26.745733274303234 	 
3.0	 0.36842105263157876 	 27.88607461389647 	 
3.0	 0.4736842105263157 	 29.096081121503893 	 
3.0	 0.5789473684210527 	 30.335795934184453 	 
3.0	 0.6842105263157894 	 31.691433907191144 	 
3.0	 0.7894736842105261 	 33.25347239270524 	 
3.0	 0.894736842105263 	 35.42912999199923 	 
3.0	 1.0 	 0.0 	 
3.1	 -1.0 	 0.0 	 
3.1	 -0.8947368421052632 	 8.300386372839794 	 
3.1	 -0.7894736842105263 	 11.604080407281172 	 
3.1	 -0.6842105263157895 	 13.974272928529425 	 
3.1	 -0.5789473684210527 	 15.83392366914643 	 
3.1	 -0.4736842105263158 	 17.615028797174972 	 
3.1	 -0.368421052631579 	 19.10690995381742 	 
3.1	 -0.26315789473684215 	 20.45039448387959 	 
3.1	 -0.1578947368421053 	 21.752563268180893 	 
3.1	 -0.052631578947368474 	 23.033892171557792 	 
3.1	 0.05263157894736836 	 24.349258365820376 	 
3.1	 0.1578947368421053 	 25.416092187349356 	 
3.1	 0.26315789473684204 	 26.590117507847484 	 
3.1	 0.36842105263157876 	 27.85447957343334 	 
3.1	 0.4736842105263157 	 28.944631278072336 	 
3.1	 0.5789473684210527 	 30.33089822072864 	 
3.1	 0.6842105263157894 	 31.59427226415641 	 
3.1	 0.7894736842105261 	 33.06126646717159 	 
3.1	 0.894736842105263 	 34.95806290092232 	 
3.1	 1.0 	 0.0 	 
3.2	 -1.0 	 0.0 	 
3.2	 -0.8947368421052632 	 8.194794620552008 	 
3.2	 -0.7894736842105263 	 11.349598537958196 	 
3.2	 -0.6842105263157895 	 13.852019313388066 	 
3.2	 -0.5789473684210527 	 15.792699378176533 	 
3.2	 -0.4736842105263158 	 17.483195215611918 	 
3.2	 -0.368421052631579 	 19.02135079421452 	 
3.2	 -0.26315789473684215 	 20.316222090741967 	 
3.2	 -0.1578947368421053 	 21.628813150330295 	 
3.2	 -0.052631578947368474 	 22.90301064797515 	 
3.2	 0.05263157894736836 	 24.213126535192472 	 
3.2	 0.1578947368421053 	 25.18718615294308 	 
3.2	 0.26315789473684204 	 26.3603737472599 	 
3.2	 0.36842105263157876 	 27.72444612954708 	 
3.2	 0.4736842105263157 	 28.891831467194784 	 
3.2	 0.5789473684210527 	 30.10682548972534 	 
3.2	 0.6842105263157894 	 31.522887218686666 	 
3.2	 0.7894736842105261 	 33.03430409408292 	 
3.2	 0.894736842105263 	 35.212322568759475 	 
3.2	 1.0 	 0.0 	 
3.3	 -1.0 	 0.0 	 
3.3	 -0.8947368421052632 	 8.040558605091528 	 
3.3	 -0.7894736842105263 	 11.330511226603132 	 
3.3	 -0.6842105263157895 	 13.64884441471871 	 
3.3	 -0.5789473684210527 	 15.64794095694833 	 
3.3	 -0.4736842105263158 	 17.33941020719055 	 
3.3	 -0.368421052631579 	 18.824035761962246 	 
3.3	 -0.26315789473684215 	 20.303769950300246 	 
3.3	 -0.1578947368421053 	 21.56392873721549 	 
3.3	 -0.052631578947368474 	 22.845767738755555 	 
3.3	 0.05263157894736836 	 23.980439271132063 	 
3.3	 0.1578947368421053 	 25.29036377526546 	 
3.3	 0.26315789473684204 	 26.35571455708948 	 
3.3	 0.36842105263157876 	 27.61669151369678 	 
3.3	 0.4736842105263157 	 28.82573645750889 	 
3.3	 0.5789473684210527 	 30.046095265223936 	 
3.3	 0.6842105263157894 	 31.486996879718653 	 
3.3	 0.7894736842105261 	 32.97165586745508 	 
3.3	 0.894736842105263 	 35.13025079357741 	 
3.3	 1.0 	 0.0 	 
3.4	 -1.0 	 0.0 	 
3.4	 -0.8947368421052632 	 8.067580588093655 	 
3.4	 -0.7894736842105263 	 11.373960968385063 	 
3.4	 -0.6842105263157895 	 13.530141337975449 	 
3.4	 -0.5789473684210527 	 15.59041459988464 	 
3.4	 -0.4736842105263158 	 17.203416748209108 	 
3.4	 -0.368421052631579 	 18.688779920133463 	 
3.4	 -0.26315789473684215 	 20.11633395386645 	 
3.4	 -0.1578947368421053 	 21.464361567882317 	 
3.4	 -0.052631578947368474 	 22.69944948144409 	 
3.4	 0.05263157894736836 	 23.915058338000915 	 
3.4	 0.1578947368421053 	 25.15041147089596 	 
3.4	 0.26315789473684204 	 26.279230255755817 	 
3.4	 0.36842105263157876 	 27.423619863320802 	 
3.4	 0.4736842105263157 	 28.65815536631524 	 
3.4	 0.5789473684210527 	 29.980251405518786 	 
3.4	 0.6842105263157894 	 31.49481718748812 	 
3.4	 0.7894736842105261 	 32.932557335831405 	 
3.4	 0.894736842105263 	 34.913419508365685 	 
3.4	 1.0 	 0.0 	 
3.5	 -1.0 	 0.0 	 
3.5	 -0.8947368421052632 	 7.972121422724139 	 
3.5	 -0.7894736842105263 	 11.10991364243868 	 
3.5	 -0.6842105263157895 	 13.39978619823951 	 
3.5	 -0.5789473684210527 	 15.473462650473662 	 
3.5	 -0.4736842105263158 	 17.070237203190466 	 
3.5	 -0.368421052631579 	 18.6015587764915 	 
3.5	 -0.26315789473684215 	 20.128025090850837 	 
3.5	 -0.1578947368421053 	 21.437471535774222 	 
3.5	 -0.052631578947368474 	 22.690653871800688 	 
3.5	 0.05263157894736836 	 23.931396149706245 	 
3.5	 0.1578947368421053 	 25.044697967181445 	 
3.5	 0.26315789473684204 	 26.290478821948632 	 
3.5	 0.36842105263157876 	 27.47396835786215 	 
3.5	 0.4736842105263157 	 28.61878481490229 	 
3.5	 0.5789473684210527 	 29.90749685515756 	 
3.5	 0.6842105263157894 	 31.529813596192273 	 
3.5	 0.7894736842105261 	 32.992614269796675 	 
3.5	 0.894736842105263 	 34.9278389856798 	 
3.5	 1.0 	 0.0 	 
3.6	 -1.0 	 0.0 	 
3.6	 -0.8947368421052632 	 7.88147367491335 	 
3.6	 -0.7894736842105263 	 10.927894875460243 	 
3.6	 -0.6842105263157895 	 13.223918971183535 	 
3.6	 -0.5789473684210527 	 15.259043945059172 	 
3.6	 -0.4736842105263158 	 16.904022220613136 	 
3.6	 -0.368421052631579 	 18.481107783170494 	 
3.6	 -0.26315789473684215 	 19.90278606125301 	 
3.6	 -0.1578947368421053 	 21.230022711003826 	 
3.6	 -0.052631578947368474 	 22.58996507606631 	 
3.6	 0.05263157894736836 	 23.907408807293123 	 
3.6	 0.1578947368421053 	 24.954217095908312 	 
3.6	 0.26315789473684204 	 26.050480440001195 	 
3.6	 0.36842105263157876 	 27.434826877867796 	 
3.6	 0.4736842105263157 	 28.57067124011925 	 
3.6	 0.5789473684210527 	 29.844301297135885 	 
3.6	 0.6842105263157894 	 31.283900327221822 	 
3.6	 0.7894736842105261 	 32.895054609612224 	 
3.6	 0.894736842105263 	 34.83973260891393 	 
3.6	 1.0 	 0.0 	 
3.7	 -1.0 	 0.0 	 
3.7	 -0.8947368421052632 	 7.816693280169484 	 
3.7	 -0.7894736842105263 	 11.075106489252478 	 
3.7	 -0.6842105263157895 	 13.275122205415224 	 
3.7	 -0.5789473684210527 	 15.079514477988083 	 
3.7	 -0.4736842105263158 	 16.814597973036754 	 
3.7	 -0.368421052631579 	 18.44320889702249 	 
3.7	 -0.26315789473684215 	 19.740449644299567 	 
3.7	 -0.1578947368421053 	 21.306967167053326 	 
3.7	 -0.052631578947368474 	 22.42392781256191 	 
3.7	 0.05263157894736836 	 23.790967054730004 	 
3.7	 0.1578947368421053 	 24.865926296600765 	 
3.7	 0.26315789473684204 	 26.025162976949495 	 
3.7	 0.36842105263157876 	 27.249762907352135 	 
3.7	 0.4736842105263157 	 28.54561687768345 	 
3.7	 0.5789473684210527 	 29.93870089325889 	 
3.7	 0.6842105263157894 	 31.310741968963768 	 
3.7	 0.7894736842105261 	 32.767684987785955 	 
3.7	 0.894736842105263 	 35.06880405947507 	 
3.7	 1.0 	 0.0 	 
3.8	 -1.0 	 0.0 	 
3.8	 -0.8947368421052632 	 7.745701758613689 	 
3.8	 -0.7894736842105263 	 10.700202088653057 	 
3.8	 -0.6842105263157895 	 13.12951655492531 	 
3.8	 -0.5789473684210527 	 15.282467729245388 	 
3.8	 -0.4736842105263158 	 16.854503213037823 	 
3.8	 -0.368421052631579 	 18.330681991637938 	 
3.8	 -0.26315789473684215 	 19.782732411546608 	 
3.8	 -0.1578947368421053 	 21.102966686000332 	 
3.8	 -0.052631578947368474 	 22.266661544493015 	 
3.8	 0.05263157894736836 	 23.63919441772663 	 
3.8	 0.1578947368421053 	 24.842020227240983 	 
3.8	 0.26315789473684204 	 26.135507812973174 	 
3.8	 0.36842105263157876 	 27.299836597414814 	 
3.8	 0.4736842105263157 	 28.423823380109333 	 
3.8	 0.5789473684210527 	 29.713315165099804 	 
3.8	 0.6842105263157894 	 31.264121303606586 	 
3.8	 0.7894736842105261 	 32.84928567397728 	 
3.8	 0.894736842105263 	 35.12209959333798 	 
3.8	 1.0 	 0.0 	 
3.9	 -1.0 	 0.0 	 
3.9	 -0.8947368421052632 	 7.631034720557458 	 
3.9	 -0.7894736842105263 	 10.690813372805046 	 
3.9	 -0.6842105263157895 	 13.078247748493869 	 
3.9	 -0.5789473684210527 	 15.05803509322547 	 
3.9	 -0.4736842105263158 	 16.79320402160784 	 
3.9	 -0.368421052631579 	 18.255902750989687 	 
3.9	 -0.26315789473684215 	 19.648770803513223 	 
3.9	 -0.1578947368421053 	 20.955910768949515 	 
3.9	 -0.052631578947368474 	 22.221695116630485 	 
3.9	 0.05263157894736836 	 23.472663089517535 	 
3.9	 0.1578947368421053 	 24.778973459039086 	 
3.9	 0.26315789473684204 	 25.94060677279156 	 
3.9	 0.36842105263157876 	 27.159441656258892 	 
3.9	 0.4736842105263157 	 28.442945712957965 	 
3.9	 0.5789473684210527 	 29.719573566088116 	 
3.9	 0.6842105263157894 	 31.10652286781244 	 
3.9	 0.7894736842105261 	 32.828156790774536 	 
3.9	 0.894736842105263 	 34.71161233683686 	 
3.9	 1.0 	 0.0 	 
4.0	 -1.0 	 0.0 	 
4.0	 -0.8947368421052632 	 7.5187755001123655 	 
4.0	 -0.7894736842105263 	 10.731775731782811 	 
4.0	 -0.6842105263157895 	 13.086859389166024 	 
4.0	 -0.5789473684210527 	 14.916482933820335 	 
4.0	 -0.4736842105263158 	 16.723329976166323 	 
4.0	 -0.368421052631579 	 18.099569175282276 	 
4.0	 -0.26315789473684215 	 19.444677233603567 	 
4.0	 -0.1578947368421053 	 20.940641626833685 	 
4.0	 -0.052631578947368474 	 22.22419488782316 	 
4.0	 0.05263157894736836 	 23.339071285404568 	 
4.0	 0.1578947368421053 	 24.66539329589581 	 
4.0	 0.26315789473684204 	 25.900497300025986 	 
4.0	 0.36842105263157876 	 27.234796347124625 	 
4.0	 0.4736842105263157 	 28.345158083130386 	 
4.0	 0.5789473684210527 	 29.621076049672507 	 
4.0	 0.6842105263157894 	 31.173228452772282 	 
4.0	 0.7894736842105261 	 32.702646123632306 	 
4.0	 0.894736842105263 	 34.756792653908335 	 
4.0	 1.0 	 0.0 	 
4.1	 -1.0 	 0.0 	 
4.1	 -0.8947368421052632 	 7.476329649009466 	 
4.1	 -0.7894736842105263 	 10.567463912540534 	 
4.1	 -0.6842105263157895 	 13.105969904738252 	 
4.1	 -0.5789473684210527 	 14.839447784268012 	 
4.1	 -0.4736842105263158 	 16.549778598354557 	 
4.1	 -0.368421052631579 	 18.114312440046152 	 
4.1	 -0.26315789473684215 	 19.50817772911316 	 
4.1	 -0.1578947368421053 	 20.906207661302748 	 
4.1	 -0.052631578947368474 	 22.105555327783254 	 
4.1	 0.05263157894736836 	 23.332788045300408 	 
4.1	 0.1578947368421053 	 24.630855848733372 	 
4.1	 0.26315789473684204 	 25.821321221356527 	 
4.1	 0.36842105263157876 	 27.0834852858076 	 
4.1	 0.4736842105263157 	 28.407360747183656 	 
4.1	 0.5789473684210527 	 29.617753948469055 	 
4.1	 0.6842105263157894 	 31.14661772442139 	 
4.1	 0.7894736842105261 	 32.62403787988509 	 
4.1	 0.894736842105263 	 34.919886186932786 	 
4.1	 1.0 	 0.0 	 
4.2	 -1.0 	 0.0 	 
4.2	 -0.8947368421052632 	 7.5804635879587465 	 
4.2	 -0.7894736842105263 	 10.448997710945346 	 
4.2	 -0.6842105263157895 	 12.846921179589 	 
4.2	 -0.5789473684210527 	 14.727100655056669 	 
4.2	 -0.4736842105263158 	 16.43089784124378 	 
4.2	 -0.368421052631579 	 18.0379963598197 	 
4.2	 -0.26315789473684215 	 19.387236278655255 	 
4.2	 -0.1578947368421053 	 20.785413406632774 	 
4.2	 -0.052631578947368474 	 21.973265396478002 	 
4.2	 0.05263157894736836 	 23.199842864413146 	 
4.2	 0.1578947368421053 	 24.530147699838622 	 
4.2	 0.26315789473684204 	 25.70405652790944 	 
4.2	 0.36842105263157876 	 26.93895139120536 	 
4.2	 0.4736842105263157 	 28.204352883854007 	 
4.2	 0.5789473684210527 	 29.564835296528365 	 
4.2	 0.6842105263157894 	 31.091114877857176 	 
4.2	 0.7894736842105261 	 32.61731507061942 	 
4.2	 0.894736842105263 	 34.53501202697573 	 
4.2	 1.0 	 0.0 	 
4.3	 -1.0 	 0.0 	 
4.3	 -0.8947368421052632 	 7.39629309471735 	 
4.3	 -0.7894736842105263 	 10.499965045708619 	 
4.3	 -0.6842105263157895 	 12.641417831408972 	 
4.3	 -0.5789473684210527 	 14.79114386330946 	 
4.3	 -0.4736842105263158 	 16.23353686038109 	 
4.3	 -0.368421052631579 	 17.854118585409484 	 
4.3	 -0.26315789473684215 	 19.40434430850757 	 
4.3	 -0.1578947368421053 	 20.664481249011548 	 
4.3	 -0.052631578947368474 	 21.997169826198206 	 
4.3	 0.05263157894736836 	 23.2341080043561 	 
4.3	 0.1578947368421053 	 24.43398776901617 	 
4.3	 0.26315789473684204 	 25.660481128544006 	 
4.3	 0.36842105263157876 	 26.941344969963403 	 
4.3	 0.4736842105263157 	 28.26072242835303 	 
4.3	 0.5789473684210527 	 29.566067184673607 	 
4.3	 0.6842105263157894 	 31.075440162799005 	 
4.3	 0.7894736842105261 	 32.71397928526129 	 
4.3	 0.894736842105263 	 34.53393766447427 	 
4.3	 1.0 	 0.0 	 
4.4	 -1.0 	 0.0 	 
4.4	 -0.8947368421052632 	 7.369530200157533 	 
4.4	 -0.7894736842105263 	 10.223399723926905 	 
4.4	 -0.6842105263157895 	 12.677651996382062 	 
4.4	 -0.5789473684210527 	 14.643790033782318 	 
4.4	 -0.4736842105263158 	 16.267224150612773 	 
4.4	 -0.368421052631579 	 17.8746134915131 	 
4.4	 -0.26315789473684215 	 19.263745190322677 	 
4.4	 -0.1578947368421053 	 20.62858574204728 	 
4.4	 -0.052631578947368474 	 21.890551317272948 	 
4.4	 0.05263157894736836 	 23.11882310301365 	 
4.4	 0.1578947368421053 	 24.521585036123174 	 
4.4	 0.26315789473684204 	 25.565845794325845 	 
4.4	 0.36842105263157876 	 27.024329287148657 	 
4.4	 0.4736842105263157 	 28.17786919671454 	 
4.4	 0.5789473684210527 	 29.553092854559992 	 
4.4	 0.6842105263157894 	 30.94184885154126 	 
4.4	 0.7894736842105261 	 32.666417949282184 	 
4.4	 0.894736842105263 	 34.76112479442424 	 
4.4	 1.0 	 0.0 	 
4.5	 -1.0 	 0.0 	 
4.5	 -0.8947368421052632 	 7.423240905785275 	 
4.5	 -0.7894736842105263 	 10.329173608176166 	 
4.5	 -0.6842105263157895 	 12.675053741663902 	 
4.5	 -0.5789473684210527 	 14.535233651808346 	 
4.5	 -0.4736842105263158 	 16.223208833598875 	 
4.5	 -0.368421052631579 	 17.819045550810984 	 
4.5	 -0.26315789473684215 	 19.35456730299679 	 
4.5	 -0.1578947368421053 	 20.558599217292464 	 
4.5	 -0.052631578947368474 	 21.854463762615683 	 
4.5	 0.05263157894736836 	 23.193794515036217 	 
4.5	 0.1578947368421053 	 24.240313223389837 	 
4.5	 0.26315789473684204 	 25.655076326323083 	 
4.5	 0.36842105263157876 	 26.834100707026206 	 
4.5	 0.4736842105263157 	 28.057800673370725 	 
4.5	 0.5789473684210527 	 29.533613087178747 	 
4.5	 0.6842105263157894 	 30.87669441917795 	 
4.5	 0.7894736842105261 	 32.51819273097429 	 
4.5	 0.894736842105263 	 34.63321736536184 	 
4.5	 1.0 	 0.0 	 
4.6	 -1.0 	 0.0 	 
4.6	 -0.8947368421052632 	 7.253261580751237 	 
4.6	 -0.7894736842105263 	 10.200918598415493 	 
4.6	 -0.6842105263157895 	 12.54294751033648 	 
4.6	 -0.5789473684210527 	 14.430488280397311 	 
4.6	 -0.4736842105263158 	 16.16371743800074 	 
4.6	 -0.368421052631579 	 17.644602094316966 	 
4.6	 -0.26315789473684215 	 19.16628275604577 	 
4.6	 -0.1578947368421053 	 20.365275480942433 	 
4.6	 -0.052631578947368474 	 21.74606015142941 	 
4.6	 0.05263157894736836 	 23.039293087088264 	 
4.6	 0.1578947368421053 	 24.280781795933876 	 
4.6	 0.26315789473684204 	 25.525330781440957 	 
4.6	 0.36842105263157876 	 26.77664158649869 	 
4.6	 0.4736842105263157 	 28.12290440409681 	 
4.6	 0.5789473684210527 	 29.466472200155167 	 
4.6	 0.6842105263157894 	 31.03521785691924 	 
4.6	 0.7894736842105261 	 32.61978883083826 	 
4.6	 0.894736842105263 	 34.70802285771591 	 
4.6	 1.0 	 0.0 	 
4.7	 -1.0 	 0.0 	 
4.7	 -0.8947368421052632 	 7.265796754255131 	 
4.7	 -0.7894736842105263 	 10.216839103169928 	 
4.7	 -0.6842105263157895 	 12.517607621546963 	 
4.7	 -0.5789473684210527 	 14.457056571289462 	 
4.7	 -0.4736842105263158 	 16.150007073800825 	 
4.7	 -0.368421052631579 	 17.66932145077496 	 
4.7	 -0.26315789473684215 	 19.166627603233998 	 
4.7	 -0.1578947368421053 	 20.385503628461997 	 
4.7	 -0.052631578947368474 	 21.735720969470055 	 
4.7	 0.05263157894736836 	 23.00721580156737 	 
4.7	 0.1578947368421053 	 24.225844702070155 	 
4.7	 0.26315789473684204 	 25.527486076265756 	 
4.7	 0.36842105263157876 	 26.80238589357074 	 
4.7	 0.4736842105263157 	 28.094200685947598 	 
4.7	 0.5789473684210527 	 29.431774396708335 	 
4.7	 0.6842105263157894 	 30.8899015143898 	 
4.7	 0.7894736842105261 	 32.5958190481472 	 
4.7	 0.894736842105263 	 34.531533675415204 	 
4.7	 1.0 	 0.0 	 
4.8	 -1.0 	 0.0 	 
4.8	 -0.8947368421052632 	 7.267648359716329 	 
4.8	 -0.7894736842105263 	 10.275260918804477 	 
4.8	 -0.6842105263157895 	 12.460391224225825 	 
4.8	 -0.5789473684210527 	 14.335478769984075 	 
4.8	 -0.4736842105263158 	 16.13932567594667 	 
4.8	 -0.368421052631579 	 17.571297185757903 	 
4.8	 -0.26315789473684215 	 19.0201783466649 	 
4.8	 -0.1578947368421053 	 20.400118601628147 	 
4.8	 -0.052631578947368474 	 21.583877337255103 	 
4.8	 0.05263157894736836 	 22.988102493742403 	 
4.8	 0.1578947368421053 	 24.242669167533112 	 
4.8	 0.26315789473684204 	 25.456681198724542 	 
4.8	 0.36842105263157876 	 26.66124869263254 	 
4.8	 0.4736842105263157 	 28.107959011400336 	 
4.8	 0.5789473684210527 	 29.261742802439873 	 
4.8	 0.6842105263157894 	 30.86008948315118 	 
4.8	 0.7894736842105261 	 32.46507054505506 	 
4.8	 0.894736842105263 	 34.57641444482905 	 
4.8	 1.0 	 0.0 	 
4.9	 -1.0 	 0.0 	 
4.9	 -0.8947368421052632 	 7.161759858140633 	 
4.9	 -0.7894736842105263 	 10.647117911460946 	 
4.9	 -0.6842105263157895 	 12.421061997517027 	 
4.9	 -0.5789473684210527 	 14.39848222011619 	 
4.9	 -0.4736842105263158 	 16.013427686237804 	 
4.9	 -0.368421052631579 	 17.557893161387337 	 
4.9	 -0.26315789473684215 	 19.00616097185028 	 
4.9	 -0.1578947368421053 	 20.420450191104702 	 
4.9	 -0.052631578947368474 	 21.674877897572653 	 
4.9	 0.05263157894736836 	 22.847004606436084 	 
4.9	 0.1578947368421053 	 24.0713028590524 	 
4.9	 0.26315789473684204 	 25.331572055491108 	 
4.9	 0.36842105263157876 	 26.72022776725376 	 
4.9	 0.4736842105263157 	 27.997697274412527 	 
4.9	 0.5789473684210527 	 29.419963568541952 	 
4.9	 0.6842105263157894 	 30.99520781210661 	 
4.9	 0.7894736842105261 	 32.641364439623175 	 
4.9	 0.894736842105263 	 34.506084633501864 	 
4.9	 1.0 	 0.0 	 
5.0	 -1.0 	 0.0 	 
5.0	 -0.8947368421052632 	 7.254417259402885 	 
5.0	 -0.7894736842105263 	 10.108928582149222 	 
5.0	 -0.6842105263157895 	 12.33985649154824 	 
5.0	 -0.5789473684210527 	 14.290805011388157 	 
5.0	 -0.4736842105263158 	 15.949538826334889 	 
5.0	 -0.368421052631579 	 17.560267930333243 	 
5.0	 -0.26315789473684215 	 18.868290500155396 	 
5.0	 -0.1578947368421053 	 20.27313280025076 	 
5.0	 -0.052631578947368474 	 21.56618236120957 	 
5.0	 0.05263157894736836 	 22.88251669406782 	 
5.0	 0.1578947368421053 	 24.1610349157066 	 
5.0	 0.26315789473684204 	 25.301469417438643 	 
5.0	 0.36842105263157876 	 26.67957665583812 	 
5.0	 0.4736842105263157 	 27.90713224701583 	 
5.0	 0.5789473684210527 	 29.350411955653772 	 
5.0	 0.6842105263157894 	 30.770344171714747 	 
5.0	 0.7894736842105261 	 32.33121453891111 	 
5.0	 0.894736842105263 	 34.50803208622499 	 
5.0	 1.0 	 0.0 	 
5.1	 -1.0 	 0.0 	 
5.1	 -0.8947368421052632 	 7.102794297755703 	 
5.1	 -0.7894736842105263 	 10.111081920829507 	 
5.1	 -0.6842105263157895 	 12.223132765601594 	 
5.1	 -0.5789473684210527 	 14.174888538494962 	 
5.1	 -0.4736842105263158 	 15.934627676642252 	 
5.1	 -0.368421052631579 	 17.47161336222585 	 
5.1	 -0.26315789473684215 	 18.815743902604552 	 
5.1	 -0.1578947368421053 	 20.280842012135867 	 
5.1	 -0.052631578947368474 	 21.608558823074368 	 
5.1	 0.05263157894736836 	 22.818934577751854 	 
5.1	 0.1578947368421053 	 24.119997140526326 	 
5.1	 0.26315789473684204 	 25.31250130363743 	 
5.1	 0.36842105263157876 	 26.57285018459173 	 
5.1	 0.4736842105263157 	 27.890272000290622 	 
5.1	 0.5789473684210527 	 29.144744333477988 	 
5.1	 0.6842105263157894 	 30.90211935912758 	 
5.1	 0.7894736842105261 	 32.4530301705311 	 
5.1	 0.894736842105263 	 34.55552110822449 	 
5.1	 1.0 	 0.0 	 
5.2	 -1.0 	 0.0 	 
5.2	 -0.8947368421052632 	 7.123049030892836 	 
5.2	 -0.7894736842105263 	 10.183584956550332 	 
5.2	 -0.6842105263157895 	 12.082302959418286 	 
5.2	 -0.5789473684210527 	 14.286728654076821 	 
5.2	 -0.4736842105263158 	 15.940886121636145 	 
5.2	 -0.368421052631579 	 17.355988796738202 	 
5.2	 -0.26315789473684215 	 18.926636255588768 	 
5.2	 -0.1578947368421053 	 20.15694238381471 	 
5.2	 -0.052631578947368474 	 21.48064518288619 	 
5.2	 0.05263157894736836 	 22.775889942373198 	 
5.2	 0.1578947368421053 	 24.00970610334022 	 
5.2	 0.26315789473684204 	 25.19811479442962 	 
5.2	 0.36842105263157876 	 26.56115152193866 	 
5.2	 0.4736842105263157 	 27.895458107500758 	 
5.2	 0.5789473684210527 	 29.254587354664636 	 
5.2	 0.6842105263157894 	 30.69905085085971 	 
5.2	 0.7894736842105261 	 32.36138415139936 	 
5.2	 0.894736842105263 	 34.59533410582888 	 
5.2	 1.0 	 0.0 	 
5.3	 -1.0 	 0.0 	 
5.3	 -0.8947368421052632 	 7.057188568129922 	 
5.3	 -0.7894736842105263 	 10.121009835259693 	 
5.3	 -0.6842105263157895 	 12.324067072769893 	 
5.3	 -0.5789473684210527 	 14.083858155313294 	 
5.3	 -0.4736842105263158 	 15.757811237015144 	 
5.3	 -0.368421052631579 	 17.36370773593303 	 
5.3	 -0.26315789473684215 	 18.777001443221764 	 
5.3	 -0.1578947368421053 	 20.137920860766616 	 
5.3	 -0.052631578947368474 	 21.354783056818082 	 
5.3	 0.05263157894736836 	 22.700470206684276 	 
5.3	 0.1578947368421053 	 23.951309923948344 	 
5.3	 0.26315789473684204 	 25.236722688995137 	 
5.3	 0.36842105263157876 	 26.456393090574664 	 
5.3	 0.4736842105263157 	 27.723470913831537 	 
5.3	 0.5789473684210527 	 29.304050231127032 	 
5.3	 0.6842105263157894 	 30.84247545170892 	 
5.3	 0.7894736842105261 	 32.46795850227841 	 
5.3	 0.894736842105263 	 34.559052157317744 	 
5.3	 1.0 	 0.0 	 
5.4	 -1.0 	 0.0 	 
5.4	 -0.8947368421052632 	 7.034659900154459 	 
5.4	 -0.7894736842105263 	 9.938134712017233 	 
5.4	 -0.6842105263157895 	 12.211727549446628 	 
5.4	 -0.5789473684210527 	 13.96282078328702 	 
5.4	 -0.4736842105263158 	 15.76654556235835 	 
5.4	 -0.368421052631579 	 17.24015278683086 	 
5.4	 -0.26315789473684215 	 18.712594049540634 	 
5.4	 -0.1578947368421053 	 20.096526298092037 	 
5.4	 -0.052631578947368474 	 21.379061227988192 	 
5.4	 0.05263157894736836 	 22.568937676384163 	 
5.4	 0.1578947368421053 	 23.882389618816084 	 
5.4	 0.26315789473684204 	 25.24582469330617 	 
5.4	 0.36842105263157876 	 26.46882867097799 	 
5.4	 0.4736842105263157 	 27.798160700835435 	 
5.4	 0.5789473684210527 	 29.109591453859636 	 
5.4	 0.6842105263157894 	 30.639915760948767 	 
5.4	 0.7894736842105261 	 32.37162155706198 	 
5.4	 0.894736842105263 	 34.414540131621315 	 
5.4	 1.0 	 0.0 	 
5.5	 -1.0 	 0.0 	 
5.5	 -0.8947368421052632 	 7.030856437109816 	 
5.5	 -0.7894736842105263 	 9.932663816497474 	 
5.5	 -0.6842105263157895 	 12.127704946882195 	 
5.5	 -0.5789473684210527 	 13.98187507418893 	 
5.5	 -0.4736842105263158 	 15.779015933395156 	 
5.5	 -0.368421052631579 	 17.23664017998138 	 
5.5	 -0.26315789473684215 	 18.626417435164946 	 
5.5	 -0.1578947368421053 	 20.032062098976436 	 
5.5	 -0.052631578947368474 	 21.35881545180401 	 
5.5	 0.05263157894736836 	 22.618817884562844 	 
5.5	 0.1578947368421053 	 23.938590908608695 	 
5.5	 0.26315789473684204 	 25.043688621071325 	 
5.5	 0.36842105263157876 	 26.431592772021364 	 
5.5	 0.4736842105263157 	 27.85627589664594 	 
5.5	 0.5789473684210527 	 29.150673806624596 	 
5.5	 0.6842105263157894 	 30.87332137817993 	 
5.5	 0.7894736842105261 	 32.4839074068317 	 
5.5	 0.894736842105263 	 34.60122311234013 	 
5.5	 1.0 	 0.0 	 
5.6	 -1.0 	 0.0 	 
5.6	 -0.8947368421052632 	 6.995550645785702 	 
5.6	 -0.7894736842105263 	 9.952652401566638 	 
5.6	 -0.6842105263157895 	 12.067748573551237 	 
5.6	 -0.5789473684210527 	 14.035196142984779 	 
5.6	 -0.4736842105263158 	 15.727525885328221 	 
5.6	 -0.368421052631579 	 17.230677098601205 	 
5.6	 -0.26315789473684215 	 18.606799645612863 	 
5.6	 -0.1578947368421053 	 20.090135490947567 	 
5.6	 -0.052631578947368474 	 21.355060723491665 	 
5.6	 0.05263157894736836 	 22.527520256026484 	 
5.6	 0.1578947368421053 	 23.9980528055006 	 
5.6	 0.26315789473684204 	 25.029201431014616 	 
5.6	 0.36842105263157876 	 26.37969270444556 	 
5.6	 0.4736842105263157 	 27.649888261569085 	 
5.6	 0.5789473684210527 	 29.128856034611093 	 
5.6	 0.6842105263157894 	 30.630656811509766 	 
5.6	 0.7894736842105261 	 32.38591616468625 	 
5.6	 0.894736842105263 	 34.45081082884351 	 
5.6	 1.0 	 0.0 	 
5.7	 -1.0 	 0.0 	 
5.7	 -0.8947368421052632 	 6.955480998352937 	 
5.7	 -0.7894736842105263 	 9.838236757036208 	 
5.7	 -0.6842105263157895 	 12.052477553402989 	 
5.7	 -0.5789473684210527 	 13.842818859875967 	 
5.7	 -0.4736842105263158 	 15.555430542449834 	 
5.7	 -0.368421052631579 	 17.21233929068545 	 
5.7	 -0.26315789473684215 	 18.650495412914903 	 
5.7	 -0.1578947368421053 	 20.036329344077345 	 
5.7	 -0.052631578947368474 	 21.252350837294667 	 
5.7	 0.05263157894736836 	 22.611965832582058 	 
5.7	 0.1578947368421053 	 23.758881097635907 	 
5.7	 0.26315789473684204 	 25.185749451325822 	 
5.7	 0.36842105263157876 	 26.547723075812915 	 
5.7	 0.4736842105263157 	 27.72106878664547 	 
5.7	 0.5789473684210527 	 29.52066284568984 	 
5.7	 0.6842105263157894 	 30.658892776716538 	 
5.7	 0.7894736842105261 	 32.39874458688576 	 
5.7	 0.894736842105263 	 34.49795902796424 	 
5.7	 1.0 	 0.0 	 
5.8	 -1.0 	 0.0 	 
5.8	 -0.8947368421052632 	 7.027230898574547 	 
5.8	 -0.7894736842105263 	 9.842524615659116 	 
5.8	 -0.6842105263157895 	 12.05789996794343 	 
5.8	 -0.5789473684210527 	 13.916438374693314 	 
5.8	 -0.4736842105263158 	 15.606814334852002 	 
5.8	 -0.368421052631579 	 17.166152884795014 	 
5.8	 -0.26315789473684215 	 18.56868112932687 	 
5.8	 -0.1578947368421053 	 19.965024881925448 	 
5.8	 -0.052631578947368474 	 21.17051411534857 	 
5.8	 0.05263157894736836 	 22.556793294046717 	 
5.8	 0.1578947368421053 	 23.79223258261394 	 
5.8	 0.26315789473684204 	 25.080209105545347 	 
5.8	 0.36842105263157876 	 26.321916031548668 	 
5.8	 0.4736842105263157 	 27.67421338168659 	 
5.8	 0.5789473684210527 	 29.280777001962193 	 
5.8	 0.6842105263157894 	 30.67151418271132 	 
5.8	 0.7894736842105261 	 32.42311122376677 	 
5.8	 0.894736842105263 	 34.66782225423231 	 
5.8	 1.0 	 0.0 	 
5.9	 -1.0 	 0.0 	 
5.9	 -0.8947368421052632 	 6.941064575763857 	 
5.9	 -0.7894736842105263 	 9.76364629650438 	 
5.9	 -0.6842105263157895 	 11.971221159465138 	 
5.9	 -0.5789473684210527 	 13.871022522636142 	 
5.9	 -0.4736842105263158 	 15.381751569906056 	 
5.9	 -0.368421052631579 	 17.05472150293262 	 
5.9	 -0.26315789473684215 	 18.5430441635002 	 
5.9	 -0.1578947368421053 	 19.881799727756228 	 
5.9	 -0.052631578947368474 	 21.1533374532556 	 
5.9	 0.05263157894736836 	 22.508891849968133 	 
5.9	 0.1578947368421053 	 23.75776697627977 	 
5.9	 0.26315789473684204 	 25.00848897383892 	 
5.9	 0.36842105263157876 	 26.325844145858238 	 
5.9	 0.4736842105263157 	 27.722066559513337 	 
5.9	 0.5789473684210527 	 29.021466579072253 	 
5.9	 0.6842105263157894 	 30.658547932416422 	 
5.9	 0.7894736842105261 	 32.206210403084256 	 
5.9	 0.894736842105263 	 34.41684711975846 	 
5.9	 1.0 	 0.0 	 
6.0	 -1.0 	 0.0 	 
6.0	 -0.8947368421052632 	 6.883676838227878 	 
6.0	 -0.7894736842105263 	 9.677905264646554 	 
6.0	 -0.6842105263157895 	 12.024164554664608 	 
6.0	 -0.5789473684210527 	 13.837033872409268 	 
6.0	 -0.4736842105263158 	 15.544335086727347 	 
6.0	 -0.368421052631579 	 17.16272673776552 	 
6.0	 -0.26315789473684215 	 18.469990938142512 	 
6.0	 -0.1578947368421053 	 19.967537836052337 	 
6.0	 -0.052631578947368474 	 21.24245198876762 	 
6.0	 0.05263157894736836 	 22.459622501104437 	 
6.0	 0.1578947368421053 	 23.800214120240735 	 
6.0	 0.26315789473684204 	 25.134486343963964 	 
6.0	 0.36842105263157876 	 26.310747210827962 	 
6.0	 0.4736842105263157 	 27.646874179576358 	 
6.0	 0.5789473684210527 	 28.94329589498116 	 
6.0	 0.6842105263157894 	 30.51866726882178 	 
6.0	 0.7894736842105261 	 32.383265017248725 	 
6.0	 0.894736842105263 	 34.322453126563104 	 
6.0	 1.0 	 0.0 	 
6.1	 -1.0 	 0.0 	 
6.1	 -0.8947368421052632 	 6.874492902697873 	 
6.1	 -0.7894736842105263 	 9.897715447948821 	 
6.1	 -0.6842105263157895 	 12.035707498637185 	 
6.1	 -0.5789473684210527 	 13.811220448222212 	 
6.1	 -0.4736842105263158 	 15.446643664819119 	 
6.1	 -0.368421052631579 	 17.115061319363544 	 
6.1	 -0.26315789473684215 	 18.466503952709246 	 
6.1	 -0.1578947368421053 	 19.82661133375464 	 
6.1	 -0.052631578947368474 	 21.15870171382898 	 
6.1	 0.05263157894736836 	 22.347925379975642 	 
6.1	 0.1578947368421053 	 23.680383026797525 	 
6.1	 0.26315789473684204 	 24.906443204173346 	 
6.1	 0.36842105263157876 	 26.334278511649362 	 
6.1	 0.4736842105263157 	 27.597229993203037 	 
6.1	 0.5789473684210527 	 28.992079336855305 	 
6.1	 0.6842105263157894 	 30.587047825806525 	 
6.1	 0.7894736842105261 	 32.15486892171786 	 
6.1	 0.894736842105263 	 34.182724507501156 	 
6.1	 1.0 	 0.0 	 
6.2	 -1.0 	 0.0 	 
6.2	 -0.8947368421052632 	 6.996874690513073 	 
6.2	 -0.7894736842105263 	 9.747003207154712 	 
6.2	 -0.6842105263157895 	 11.840593590791284 	 
6.2	 -0.5789473684210527 	 13.726204346623131 	 
6.2	 -0.4736842105263158 	 15.412816490641767 	 
6.2	 -0.368421052631579 	 16.93389519699601 	 
6.2	 -0.26315789473684215 	 18.438655320031092 	 
6.2	 -0.1578947368421053 	 19.76752876766619 	 
6.2	 -0.052631578947368474 	 21.160836221371984 	 
6.2	 0.05263157894736836 	 22.347652320844546 	 
6.2	 0.1578947368421053 	 23.63592263463469 	 
6.2	 0.26315789473684204 	 24.9688385935518 	 
6.2	 0.36842105263157876 	 26.309760944165433 	 
6.2	 0.4736842105263157 	 27.629270925738194 	 
6.2	 0.5789473684210527 	 28.98548310981886 	 
6.2	 0.6842105263157894 	 30.510095101284623 	 
6.2	 0.7894736842105261 	 32.26389933058172 	 
6.2	 0.894736842105263 	 34.40788607100273 	 
6.2	 1.0 	 0.0 	 
6.3	 -1.0 	 0.0 	 
6.3	 -0.8947368421052632 	 6.835883283894057 	 
6.3	 -0.7894736842105263 	 9.607297556791481 	 
6.3	 -0.6842105263157895 	 11.835457546812375 	 
6.3	 -0.5789473684210527 	 13.80944390538093 	 
6.3	 -0.4736842105263158 	 15.363017114692093 	 
6.3	 -0.368421052631579 	 16.86611036398882 	 
6.3	 -0.26315789473684215 	 18.291172983860353 	 
6.3	 -0.1578947368421053 	 19.717754887309763 	 
6.3	 -0.052631578947368474 	 21.168034676815378 	 
6.3	 0.05263157894736836 	 22.314365635153454 	 
6.3	 0.1578947368421053 	 23.648730813966296 	 
6.3	 0.26315789473684204 	 24.96588205771849 	 
6.3	 0.36842105263157876 	 26.38947693642494 	 
6.3	 0.4736842105263157 	 27.571936921674865 	 
6.3	 0.5789473684210527 	 28.85287871439786 	 
6.3	 0.6842105263157894 	 30.596653238802755 	 
6.3	 0.7894736842105261 	 32.185519524211415 	 
6.3	 0.894736842105263 	 34.498016696929696 	 
6.3	 1.0 	 0.0 	 
6.4	 -1.0 	 0.0 	 
6.4	 -0.8947368421052632 	 6.637884692496044 	 
6.4	 -0.7894736842105263 	 9.923540608716642 	 
6.4	 -0.6842105263157895 	 11.782835797255336 	 
6.4	 -0.5789473684210527 	 13.847466023524882 	 
6.4	 -0.4736842105263158 	 15.397054160431919 	 
6.4	 -0.368421052631579 	 16.930346215458133 	 
6.4	 -0.26315789473684215 	 18.36326492380152 	 
6.4	 -0.1578947368421053 	 19.72076023925351 	 
6.4	 -0.052631578947368474 	 20.965052616732315 	 
6.4	 0.05263157894736836 	 22.325624156249024 	 
6.4	 0.1578947368421053 	 23.593200106668636 	 
6.4	 0.26315789473684204 	 24.824173871383852 	 
6.4	 0.36842105263157876 	 26.25918751338259 	 
6.4	 0.4736842105263157 	 27.42853048157839 	 
6.4	 0.5789473684210527 	 28.9140253310304 	 
6.4	 0.6842105263157894 	 30.407631009100864 	 
6.4	 0.7894736842105261 	 32.420104690614075 	 
6.4	 0.894736842105263 	 34.30843888490571 	 
6.4	 1.0 	 0.0 	 
6.5	 -1.0 	 0.0 	 
6.5	 -0.8947368421052632 	 6.775440367740251 	 
6.5	 -0.7894736842105263 	 9.78774373023573 	 
6.5	 -0.6842105263157895 	 11.792211298763648 	 
6.5	 -0.5789473684210527 	 13.696395406336492 	 
6.5	 -0.4736842105263158 	 15.564397013824173 	 
6.5	 -0.368421052631579 	 16.793834048240328 	 
6.5	 -0.26315789473684215 	 18.409630355447604 	 
6.5	 -0.1578947368421053 	 19.6095464263837 	 
6.5	 -0.052631578947368474 	 21.033900507929026 	 
6.5	 0.05263157894736836 	 22.214164901398355 	 
6.5	 0.1578947368421053 	 23.6975029288346 	 
6.5	 0.26315789473684204 	 24.799124294704836 	 
6.5	 0.36842105263157876 	 26.20945189580783 	 
6.5	 0.4736842105263157 	 27.465363361038484 	 
6.5	 0.5789473684210527 	 28.87177643218418 	 
6.5	 0.6842105263157894 	 30.502663701937706 	 
6.5	 0.7894736842105261 	 32.26931915820777 	 
6.5	 0.894736842105263 	 34.517770850589585 	 
6.5	 1.0 	 0.0 	 
6.6	 -1.0 	 0.0 	 
6.6	 -0.8947368421052632 	 6.709703555541902 	 
6.6	 -0.7894736842105263 	 9.586018603906004 	 
6.6	 -0.6842105263157895 	 11.78878690454004 	 
6.6	 -0.5789473684210527 	 13.687874542939753 	 
6.6	 -0.4736842105263158 	 15.324017384228537 	 
6.6	 -0.368421052631579 	 16.840589592357126 	 
6.6	 -0.26315789473684215 	 18.394466508567913 	 
6.6	 -0.1578947368421053 	 19.65965438474883 	 
6.6	 -0.052631578947368474 	 21.02297021132477 	 
6.6	 0.05263157894736836 	 22.293043460744695 	 
6.6	 0.1578947368421053 	 23.561084388495026 	 
6.6	 0.26315789473684204 	 24.82499569835965 	 
6.6	 0.36842105263157876 	 26.145963185461323 	 
6.6	 0.4736842105263157 	 27.4600127376887 	 
6.6	 0.5789473684210527 	 28.981959295996532 	 
6.6	 0.6842105263157894 	 30.50562197995414 	 
6.6	 0.7894736842105261 	 32.27584488899978 	 
6.6	 0.894736842105263 	 34.243479611805085 	 
6.6	 1.0 	 0.0 	 
6.7	 -1.0 	 0.0 	 
6.7	 -0.8947368421052632 	 6.7265690224592225 	 
6.7	 -0.7894736842105263 	 9.599310591938634 	 
6.7	 -0.6842105263157895 	 11.714171312940117 	 
6.7	 -0.5789473684210527 	 13.782520974860029 	 
6.7	 -0.4736842105263158 	 15.203011437648058 	 
6.7	 -0.368421052631579 	 16.98118429235543 	 
6.7	 -0.26315789473684215 	 18.361243750446903 	 
6.7	 -0.1578947368421053 	 19.59358898097173 	 
6.7	 -0.052631578947368474 	 21.039685321973607 	 
6.7	 0.05263157894736836 	 22.210598440838176 	 
6.7	 0.1578947368421053 	 23.48225590879434 	 
6.7	 0.26315789473684204 	 24.771698147734224 	 
6.7	 0.36842105263157876 	 26.150440797349965 	 
6.7	 0.4736842105263157 	 27.480634503303364 	 
6.7	 0.5789473684210527 	 28.862348076546883 	 
6.7	 0.6842105263157894 	 30.473468669033302 	 
6.7	 0.7894736842105261 	 32.10543707802098 	 
6.7	 0.894736842105263 	 34.25514642945913 	 
6.7	 1.0 	 0.0 	 
6.8	 -1.0 	 0.0 	 
6.8	 -0.8947368421052632 	 6.666112312676908 	 
6.8	 -0.7894736842105263 	 9.515931990097183 	 
6.8	 -0.6842105263157895 	 11.642164349344643 	 
6.8	 -0.5789473684210527 	 13.654585261820165 	 
6.8	 -0.4736842105263158 	 15.209878598979781 	 
6.8	 -0.368421052631579 	 16.829320823847958 	 
6.8	 -0.26315789473684215 	 18.180054267779386 	 
6.8	 -0.1578947368421053 	 19.61053678134337 	 
6.8	 -0.052631578947368474 	 20.95316647847972 	 
6.8	 0.05263157894736836 	 22.26735525916626 	 
6.8	 0.1578947368421053 	 23.421658132357283 	 
6.8	 0.26315789473684204 	 24.763417526977506 	 
6.8	 0.36842105263157876 	 26.05633519491942 	 
6.8	 0.4736842105263157 	 27.47553499548574 	 
6.8	 0.5789473684210527 	 28.85771490167482 	 
6.8	 0.6842105263157894 	 30.36802444220577 	 
6.8	 0.7894736842105261 	 32.20339902182645 	 
6.8	 0.894736842105263 	 34.529418038518784 	 
6.8	 1.0 	 0.0 	 
6.9	 -1.0 	 0.0 	 
6.9	 -0.8947368421052632 	 6.802472572462724 	 
6.9	 -0.7894736842105263 	 9.60275267622477 	 
6.9	 -0.6842105263157895 	 11.708799882790025 	 
6.9	 -0.5789473684210527 	 13.634769799769657 	 
6.9	 -0.4736842105263158 	 15.21891102554894 	 
6.9	 -0.368421052631579 	 16.804540333209545 	 
6.9	 -0.26315789473684215 	 18.14044114796304 	 
6.9	 -0.1578947368421053 	 19.581198619787262 	 
6.9	 -0.052631578947368474 	 20.91665139132324 	 
6.9	 0.05263157894736836 	 22.081110413982252 	 
6.9	 0.1578947368421053 	 23.475894232502405 	 
6.9	 0.26315789473684204 	 24.701004331174783 	 
6.9	 0.36842105263157876 	 26.108305422985868 	 
6.9	 0.4736842105263157 	 27.52525949858273 	 
6.9	 0.5789473684210527 	 28.908432021114592 	 
6.9	 0.6842105263157894 	 30.384692169354867 	 
6.9	 0.7894736842105261 	 32.104772181774564 	 
6.9	 0.894736842105263 	 34.40045380849417 	 
6.9	 1.0 	 0.0 	 
7.0	 -1.0 	 0.0 	 
7.0	 -0.8947368421052632 	 6.755091659427332 	 
7.0	 -0.7894736842105263 	 9.597679378418835 	 
7.0	 -0.6842105263157895 	 11.677498241704546 	 
7.0	 -0.5789473684210527 	 13.513763951114981 	 
7.0	 -0.4736842105263158 	 15.205451157904822 	 
7.0	 -0.368421052631579 	 16.73817084623502 	 
7.0	 -0.26315789473684215 	 18.127433469691564 	 
7.0	 -0.1578947368421053 	 19.558752028340535 	 
7.0	 -0.052631578947368474 	 20.83948359986651 	 
7.0	 0.05263157894736836 	 22.221168588967508 	 
7.0	 0.1578947368421053 	 23.432471704273844 	 
7.0	 0.26315789473684204 	 24.831346924234985 	 
7.0	 0.36842105263157876 	 26.02538497109404 	 
7.0	 0.4736842105263157 	 27.340798098620507 	 
7.0	 0.5789473684210527 	 28.907211169978673 	 
7.0	 0.6842105263157894 	 30.27433471158882 	 
7.0	 0.7894736842105261 	 32.177638367356124 	 
7.0	 0.894736842105263 	 34.33933886962146 	 
7.0	 1.0 	 0.0 	 
7.1	 -1.0 	 0.0 	 
7.1	 -0.8947368421052632 	 6.8083780901330675 	 
7.1	 -0.7894736842105263 	 9.49419662991455 	 
7.1	 -0.6842105263157895 	 11.765797073295733 	 
7.1	 -0.5789473684210527 	 13.442882682553146 	 
7.1	 -0.4736842105263158 	 15.07453508351633 	 
7.1	 -0.368421052631579 	 16.659070366806713 	 
7.1	 -0.26315789473684215 	 18.226832601686542 	 
7.1	 -0.1578947368421053 	 19.515169883265607 	 
7.1	 -0.052631578947368474 	 20.85792297046539 	 
7.1	 0.05263157894736836 	 22.10567763149743 	 
7.1	 0.1578947368421053 	 23.48408763223912 	 
7.1	 0.26315789473684204 	 24.69326323810966 	 
7.1	 0.36842105263157876 	 26.092777583826745 	 
7.1	 0.4736842105263157 	 27.351050442245533 	 
7.1	 0.5789473684210527 	 28.824422984578877 	 
7.1	 0.6842105263157894 	 30.36887807027629 	 
7.1	 0.7894736842105261 	 32.14199585088734 	 
7.1	 0.894736842105263 	 34.22989730911241 	 
7.1	 1.0 	 0.0 	 
7.2	 -1.0 	 0.0 	 
7.2	 -0.8947368421052632 	 6.745274724026342 	 
7.2	 -0.7894736842105263 	 9.476117578524164 	 
7.2	 -0.6842105263157895 	 11.713656814213252 	 
7.2	 -0.5789473684210527 	 13.587211891455759 	 
7.2	 -0.4736842105263158 	 15.1826071261241 	 
7.2	 -0.368421052631579 	 16.655691308710104 	 
7.2	 -0.26315789473684215 	 18.117812781776408 	 
7.2	 -0.1578947368421053 	 19.577557500585606 	 
7.2	 -0.052631578947368474 	 20.817928288369135 	 
7.2	 0.05263157894736836 	 22.07280518634344 	 
7.2	 0.1578947368421053 	 23.32076858750724 	 
7.2	 0.26315789473684204 	 24.703345971184323 	 
7.2	 0.36842105263157876 	 25.999768106068228 	 
7.2	 0.4736842105263157 	 27.40331890179748 	 
7.2	 0.5789473684210527 	 28.887881849258694 	 
7.2	 0.6842105263157894 	 30.473440077162365 	 
7.2	 0.7894736842105261 	 32.08865397486126 	 
7.2	 0.894736842105263 	 34.145437542189626 	 
7.2	 1.0 	 0.0 	 
7.3	 -1.0 	 0.0 	 
7.3	 -0.8947368421052632 	 6.668534234673141 	 
7.3	 -0.7894736842105263 	 9.444545641204632 	 
7.3	 -0.6842105263157895 	 11.661168194768425 	 
7.3	 -0.5789473684210527 	 13.48944277351672 	 
7.3	 -0.4736842105263158 	 15.127351293867989 	 
7.3	 -0.368421052631579 	 16.717570447504894 	 
7.3	 -0.26315789473684215 	 18.104754315950967 	 
7.3	 -0.1578947368421053 	 19.436754770670774 	 
7.3	 -0.052631578947368474 	 20.868217799108884 	 
7.3	 0.05263157894736836 	 22.117784224103083 	 
7.3	 0.1578947368421053 	 23.2362013216113 	 
7.3	 0.26315789473684204 	 24.706887908400187 	 
7.3	 0.36842105263157876 	 26.037917927018153 	 
7.3	 0.4736842105263157 	 27.273560551700722 	 
7.3	 0.5789473684210527 	 28.712017220942275 	 
7.3	 0.6842105263157894 	 30.329394943748103 	 
7.3	 0.7894736842105261 	 32.03164063207945 	 
7.3	 0.894736842105263 	 34.251985826853094 	 
7.3	 1.0 	 0.0 	 
7.4	 -1.0 	 0.0 	 
7.4	 -0.8947368421052632 	 6.80750064087419 	 
7.4	 -0.7894736842105263 	 9.45540792095712 	 
7.4	 -0.6842105263157895 	 11.7533655298945 	 
7.4	 -0.5789473684210527 	 13.55560534742388 	 
7.4	 -0.4736842105263158 	 15.134593567290409 	 
7.4	 -0.368421052631579 	 16.878136206845184 	 
7.4	 -0.26315789473684215 	 17.962896736046137 	 
7.4	 -0.1578947368421053 	 19.4747347856572 	 
7.4	 -0.052631578947368474 	 20.828782635885478 	 
7.4	 0.05263157894736836 	 22.0532501622454 	 
7.4	 0.1578947368421053 	 23.38070211959725 	 
7.4	 0.26315789473684204 	 24.65636704128321 	 
7.4	 0.36842105263157876 	 25.89272287141464 	 
7.4	 0.4736842105263157 	 27.34928149364822 	 
7.4	 0.5789473684210527 	 28.85709581442974 	 
7.4	 0.6842105263157894 	 30.489247075001856 	 
7.4	 0.7894736842105261 	 32.14496769165792 	 
7.4	 0.894736842105263 	 34.39479108539555 	 
7.4	 1.0 	 0.0 	 
7.5	 -1.0 	 0.0 	 
7.5	 -0.8947368421052632 	 6.773342890570343 	 
7.5	 -0.7894736842105263 	 9.389268688763336 	 
7.5	 -0.6842105263157895 	 11.533668494173083 	 
7.5	 -0.5789473684210527 	 13.330679300726885 	 
7.5	 -0.4736842105263158 	 15.06768136026148 	 
7.5	 -0.368421052631579 	 16.53152176941489 	 
7.5	 -0.26315789473684215 	 18.08052523428373 	 
7.5	 -0.1578947368421053 	 19.298686484342355 	 
7.5	 -0.052631578947368474 	 20.637132770547836 	 
7.5	 0.05263157894736836 	 21.971965033081627 	 
7.5	 0.1578947368421053 	 23.317296772206937 	 
7.5	 0.26315789473684204 	 24.574673876848784 	 
7.5	 0.36842105263157876 	 25.92415128590677 	 
7.5	 0.4736842105263157 	 27.379605685095946 	 
7.5	 0.5789473684210527 	 28.762508105845193 	 
7.5	 0.6842105263157894 	 30.2385878232155 	 
7.5	 0.7894736842105261 	 32.08261368066357 	 
7.5	 0.894736842105263 	 34.32053111541428 	 
7.5	 1.0 	 0.0 	 
7.6	 -1.0 	 0.0 	 
7.6	 -0.8947368421052632 	 6.535923802765019 	 
7.6	 -0.7894736842105263 	 9.364893976527341 	 
7.6	 -0.6842105263157895 	 11.65479426837138 	 
7.6	 -0.5789473684210527 	 13.356858454213468 	 
7.6	 -0.4736842105263158 	 15.086645758658317 	 
7.6	 -0.368421052631579 	 16.596646976662665 	 
7.6	 -0.26315789473684215 	 17.99187280032601 	 
7.6	 -0.1578947368421053 	 19.358931593375296 	 
7.6	 -0.052631578947368474 	 20.681865813677927 	 
7.6	 0.05263157894736836 	 22.117584482828764 	 
7.6	 0.1578947368421053 	 23.31112849454381 	 
7.6	 0.26315789473684204 	 24.613074670086746 	 
7.6	 0.36842105263157876 	 25.926442662491485 	 
7.6	 0.4736842105263157 	 27.394314732115664 	 
7.6	 0.5789473684210527 	 28.745697747774116 	 
7.6	 0.6842105263157894 	 30.359721329128476 	 
7.6	 0.7894736842105261 	 32.12588990740246 	 
7.6	 0.894736842105263 	 34.33829909625932 	 
7.6	 1.0 	 0.0 	 
7.7	 -1.0 	 0.0 	 
7.7	 -0.8947368421052632 	 6.646204888091303 	 
7.7	 -0.7894736842105263 	 9.472148481656928 	 
7.7	 -0.6842105263157895 	 11.516252217256662 	 
7.7	 -0.5789473684210527 	 13.4661161586175 	 
7.7	 -0.4736842105263158 	 15.493462851855115 	 
7.7	 -0.368421052631579 	 16.64465414160783 	 
7.7	 -0.26315789473684215 	 18.072294008521073 	 
7.7	 -0.1578947368421053 	 19.386706029176576 	 
7.7	 -0.052631578947368474 	 20.7719978120393 	 
7.7	 0.05263157894736836 	 21.9437254079925 	 
7.7	 0.1578947368421053 	 23.26753735842029 	 
7.7	 0.26315789473684204 	 24.568452590265075 	 
7.7	 0.36842105263157876 	 25.909847453409263 	 
7.7	 0.4736842105263157 	 27.314160076521222 	 
7.7	 0.5789473684210527 	 28.690285035725182 	 
7.7	 0.6842105263157894 	 30.300661615153995 	 
7.7	 0.7894736842105261 	 31.991489282363155 	 
7.7	 0.894736842105263 	 34.61776750158771 	 
7.7	 1.0 	 0.0 	 
7.8	 -1.0 	 0.0 	 
7.8	 -0.8947368421052632 	 6.61643820423217 	 
7.8	 -0.7894736842105263 	 9.357237255136162 	 
7.8	 -0.6842105263157895 	 11.526593790458106 	 
7.8	 -0.5789473684210527 	 13.242251460430419 	 
7.8	 -0.4736842105263158 	 14.917823052784017 	 
7.8	 -0.368421052631579 	 16.479988344360493 	 
7.8	 -0.26315789473684215 	 17.921518210724653 	 
7.8	 -0.1578947368421053 	 19.371678533501957 	 
7.8	 -0.052631578947368474 	 20.71362171731028 	 
7.8	 0.05263157894736836 	 22.064368218709834 	 
7.8	 0.1578947368421053 	 23.367801901208228 	 
7.8	 0.26315789473684204 	 24.562121767971476 	 
7.8	 0.36842105263157876 	 25.920263204112377 	 
7.8	 0.4736842105263157 	 27.38446788026751 	 
7.8	 0.5789473684210527 	 28.924659220634645 	 
7.8	 0.6842105263157894 	 30.197730229712853 	 
7.8	 0.7894736842105261 	 31.98948582722634 	 
7.8	 0.894736842105263 	 33.981371193914704 	 
7.8	 1.0 	 0.0 	 
7.9	 -1.0 	 0.0 	 
7.9	 -0.8947368421052632 	 6.639785507272208 	 
7.9	 -0.7894736842105263 	 9.371614265431209 	 
7.9	 -0.6842105263157895 	 11.533347616971867 	 
7.9	 -0.5789473684210527 	 13.593423653990637 	 
7.9	 -0.4736842105263158 	 15.001779975245858 	 
7.9	 -0.368421052631579 	 16.56299391415894 	 
7.9	 -0.26315789473684215 	 17.93006349061511 	 
7.9	 -0.1578947368421053 	 19.411016901285468 	 
7.9	 -0.052631578947368474 	 20.68063047436975 	 
7.9	 0.05263157894736836 	 22.02999682554764 	 
7.9	 0.1578947368421053 	 23.18899449023933 	 
7.9	 0.26315789473684204 	 24.50951895299285 	 
7.9	 0.36842105263157876 	 25.84270900158407 	 
7.9	 0.4736842105263157 	 27.253771371770814 	 
7.9	 0.5789473684210527 	 28.636427355568486 	 
7.9	 0.6842105263157894 	 30.340953420018522 	 
7.9	 0.7894736842105261 	 32.155224477735416 	 
7.9	 0.894736842105263 	 34.29688348919057 	 
7.9	 1.0 	 0.0 	 
