# Parameters used in this integration map:
# computational time (in s) : 103.171
# kwards passed: 
# 		rtol = 0.005
# 		atol = 0.01

#x 	 mu 	 F 	 F_error
0.0	 -1.0 0.0	 0.0
0.0	 -0.99 20.315581703061408	 0.10157635651251663
0.0	 -0.98 39.06937260371001	 0.19534275661338202
0.0	 -0.97 39.21744865533806	 0.19608575133883122
0.0	 -0.96 39.19639947302724	 0.1959785955201184
0.0	 -0.95 39.465791347802764	 0.19732801781879458
0.0	 -0.94 39.24936244673854	 0.196238226001991
0.0	 -0.93 39.732406030065626	 0.1986442155972688
0.0	 -0.92 39.10034364641977	 0.19548017507178528
0.0	 -0.91 39.222063880687315	 0.19609942639475958
0.0	 -0.9 39.27774143633317	 0.1963568435772296
0.0	 -0.8 39.22364720999081	 0.19611480402564502
0.0	 -0.7 39.20537741744596	 0.19602007888860096
0.0	 -0.6 39.20714195753311	 0.1960138290788442
0.0	 -0.5 39.283987844860064	 0.1964042818708666
0.0	 -0.4 39.16098582909932	 0.19574485811400577
0.0	 -0.3 39.3046554353577	 0.19647456447316422
0.0	 -0.2 39.198968853596384	 0.19592370913706145
0.0	 -0.1 39.288844277297805	 0.19640520567892772
0.0	 0.0 39.26034809231264	 0.19630076311279118
0.0	 0.1 39.288845427805185	 0.1964076384542698
0.0	 0.2 39.198978250291546	 0.1959161910141021
0.0	 0.3 39.305343976217685	 0.19652329398088836
0.0	 0.4 39.16138986257309	 0.19579638029829413
0.0	 0.5 39.283941700384275	 0.19638854289021734
0.0	 0.6 39.20714887960189	 0.19601178020301077
0.0	 0.7 39.20563964852932	 0.19596400233093608
0.0	 0.8 39.22355032376551	 0.19610252037300624
0.0	 0.9 39.277834437898	 0.19637857954537577
0.0	 0.91 39.222070882789396	 0.19610117380357278
0.0	 0.92 39.10034176315163	 0.1954793615129284
0.0	 0.93 39.73157765336699	 0.1986570701044672
0.0	 0.94 39.24946645663924	 0.19624542167918874
0.0	 0.95 39.46579606582247	 0.19732760311692174
0.0	 0.96 39.19656804580151	 0.19598167100888056
0.0	 0.97 39.21759003915322	 0.19608497175030037
0.0	 0.98 39.069372515457815	 0.19534309431568
0.0	 0.99 20.315581372967298	 0.10157616296017047
0.0	 1.0 0.0	 0.0
0.1	 -1.0 0.0	 0.0
0.1	 -0.99 20.121689187178195	 0.10060721079743457
0.1	 -0.98 38.795977327922444	 0.19397829306052836
0.1	 -0.97 38.882684344493754	 0.19440853352241363
0.1	 -0.96 38.817789446714976	 0.19407978976515367
0.1	 -0.95 39.02049618891655	 0.19508894657535936
0.1	 -0.94 38.78069254159815	 0.1938985803438523
0.1	 -0.93 39.20713768268987	 0.19600678905734634
0.1	 -0.92 38.56493634182151	 0.1927617868729411
0.1	 -0.91 38.65468910968702	 0.19326387720638233
0.1	 -0.9 38.679274887722364	 0.19338522621577992
0.1	 -0.8 38.41130110376168	 0.19204940242803625
0.1	 -0.7 38.25799521623536	 0.19123534721016464
0.1	 -0.6 38.14875062563801	 0.19073435981182402
0.1	 -0.5 38.15026232246924	 0.1907428271160272
0.1	 -0.4 37.96850433166086	 0.18980940903339727
0.1	 -0.3 38.09390019167622	 0.1904547640800783
0.1	 -0.2 37.95858783329627	 0.18971524121146816
0.1	 -0.1 38.02925064197957	 0.19014395349731011
0.1	 0.0 37.86875675500908	 0.18933546023105097
0.1	 0.1 38.05376531968557	 0.1902392737349622
0.1	 0.2 37.79109966229577	 0.1888630238368433
0.1	 0.3 38.16808360802937	 0.19079698251715185
0.1	 0.4 38.05897691324753	 0.19026958123855375
0.1	 0.5 37.43308363718016	 0.18716067448561774
0.1	 0.6 38.08581999071804	 0.1904197603457075
0.1	 0.7 38.28197258531473	 0.19137612266029014
0.1	 0.8 38.531912495433865	 0.19264722961865757
0.1	 0.9 38.73537786158561	 0.19364794148827028
0.1	 0.91 38.57537672022744	 0.19287482684610163
0.1	 0.92 38.607630185218206	 0.19296873371060472
0.1	 0.93 39.29611278000343	 0.1964748952580148
0.1	 0.94 38.861240238625534	 0.19429431475185582
0.1	 0.95 39.09842130354893	 0.19546882699964543
0.1	 0.96 38.50142130027303	 0.1925001042473033
0.1	 0.97 38.834706557227804	 0.19417141781279695
0.1	 0.98 38.822920808696686	 0.19411254185823554
0.1	 0.99 19.984420159530657	 0.09991988209825806
0.1	 1.0 0.0	 0.0
0.2	 -1.0 0.0	 0.0
0.2	 -0.99 19.880259492417718	 0.09939995230330703
0.2	 -0.98 38.455964199878736	 0.1922784028862046
0.2	 -0.97 38.46844431464551	 0.1923362357372582
0.2	 -0.96 38.34269132504606	 0.1917070163087714
0.2	 -0.95 38.48244426277913	 0.19239333146075654
0.2	 -0.94 38.20300715480122	 0.19101141703783964
0.2	 -0.93 38.580423006106884	 0.1928922930256307
0.2	 -0.92 37.911513905617554	 0.18954377198576236
0.2	 -0.91 37.965655741001704	 0.1898231596246655
0.2	 -0.9 37.954115435774966	 0.18975893977858146
0.2	 -0.8 37.456107227218105	 0.18726675708904175
0.2	 -0.7 37.16050048558111	 0.18574249151386327
0.2	 -0.6 36.96300557204567	 0.18478980575373338
0.2	 -0.5 36.91004384926516	 0.18454239201435946
0.2	 -0.4 36.697561073525705	 0.18347518048095607
0.2	 -0.3 36.82101344334843	 0.1840798247455468
0.2	 -0.2 36.68990076206447	 0.18331395525004782
0.2	 -0.1 36.773318941506005	 0.18383909398182804
0.2	 0.0 36.21201839212458	 0.18104414373294644
0.2	 0.1 36.65601128452824	 0.18325250975848947
0.2	 0.2 36.87547522867321	 0.1843037840025095
0.2	 0.3 37.09193447759983	 0.18544676533188623
0.2	 0.4 36.09325709242958	 0.18043298261656027
0.2	 0.5 36.944960172813886	 0.1846948932957415
0.2	 0.6 37.44051228443778	 0.18719975417142845
0.2	 0.7 37.67003888421811	 0.18834891762578146
0.2	 0.8 37.88896733746149	 0.1894407819094011
0.2	 0.9 38.35643936579935	 0.19177587217218606
0.2	 0.91 38.27454696507434	 0.19136757939553836
0.2	 0.92 38.29716252230714	 0.19148233146954038
0.2	 0.93 38.926220159456534	 0.19462580547905053
0.2	 0.94 38.53294338088788	 0.19265770786189054
0.2	 0.95 38.76998461326705	 0.19384502469929774
0.2	 0.96 38.401570970929825	 0.19200406375925935
0.2	 0.97 38.69268107841389	 0.19345912152006653
0.2	 0.98 38.58484870985435	 0.19291918971110808
0.2	 0.99 19.930968732866408	 0.0996467403366131
0.2	 1.0 0.0	 0.0
0.3	 -1.0 0.0	 0.0
0.3	 -0.99 19.57114083941577	 0.09785479847740927
0.3	 -0.98 38.02324620799118	 0.19011398699867657
0.3	 -0.97 37.94316568514539	 0.18971240863683542
0.3	 -0.96 37.745594941742176	 0.1887212149334034
0.3	 -0.95 37.8113737062415	 0.1890467786997182
0.3	 -0.94 37.48207695124948	 0.18740830841581296
0.3	 -0.93 37.79407282652222	 0.18895928447715774
0.3	 -0.92 37.10104422633351	 0.18547048699991994
0.3	 -0.91 37.11454881802059	 0.1855718866079753
0.3	 -0.9 37.06353616586232	 0.18528891560949184
0.3	 -0.8 36.32679684206628	 0.1816285839469322
0.3	 -0.7 35.90370160585358	 0.17947112342855587
0.3	 -0.6 35.654161196316004	 0.178264952655762
0.3	 -0.5 35.58455244376886	 0.17792066069383267
0.3	 -0.4 25.15414947365981	 0.037001546101596006
0.3	 -0.3 35.51796289026042	 0.17757030708465302
0.3	 -0.2 35.52978329473903	 0.17763910112915943
0.3	 -0.1 34.96644468598838	 0.1748154911621368
0.3	 0.0 35.381693571234955	 0.17690501667546174
0.3	 0.1 35.74967951994103	 0.17871082959922613
0.3	 0.2 35.45945582832379	 0.1772105503381675
0.3	 0.3 36.07217500029421	 0.18033255868264095
0.3	 0.4 35.641774749250246	 0.17818354645989504
0.3	 0.5 36.416608990967234	 0.18206520536875215
0.3	 0.6 36.70779856068459	 0.18353607870121813
0.3	 0.7 35.416919619045984	 0.17708395805100013
0.3	 0.8 36.8898101072299	 0.18443348431062148
0.3	 0.9 37.98941722639339	 0.1899175260867468
0.3	 0.91 38.01133557149739	 0.1900433047419492
0.3	 0.92 37.93374461650124	 0.18966429266848242
0.3	 0.93 38.63465764367578	 0.19315904353769858
0.3	 0.94 38.25465607865655	 0.19126711515403827
0.3	 0.95 38.313084193474	 0.191540406026381
0.3	 0.96 38.29472050338597	 0.19146370580001032
0.3	 0.97 38.507220813384116	 0.19253526858828984
0.3	 0.98 38.48731350910586	 0.1924324027155416
0.3	 0.99 19.87370516849874	 0.09936479543278354
0.3	 1.0 0.0	 0.0
0.4	 -1.0 0.0	 0.0
0.4	 -0.99 19.162275640423648	 0.09580684218828779
0.4	 -0.98 37.45501851988971	 0.18727418011060937
0.4	 -0.97 37.25845027037219	 0.18628863569430826
0.4	 -0.96 36.96977697974745	 0.1848456083323619
0.4	 -0.95 36.95050509605041	 0.1847224474248191
0.4	 -0.94 36.56098211495838	 0.18280132160198104
0.4	 -0.93 36.80353576107814	 0.18398718058856967
0.4	 -0.92 36.07950369609394	 0.1803109810550158
0.4	 -0.91 36.04962992353415	 0.18024361309763096
0.4	 -0.9 35.954167724577275	 0.1797704730454119
0.4	 -0.8 34.99375477151216	 0.17495152512239623
0.4	 -0.7 34.49314056077137	 0.17242657794595403
0.4	 -0.6 34.22609806025493	 0.1711150327260665
0.4	 -0.5 34.19099647850824	 0.17092469950348346
0.4	 -0.4 25.15414947365981	 0.037001546101596006
0.4	 -0.3 34.216112614844604	 0.17105936732698795
0.4	 -0.2 34.010001335911156	 0.16998959574887287
0.4	 -0.1 34.13591174885126	 0.1706520566043585
0.4	 0.0 34.48419754547312	 0.17240583246193536
0.4	 0.1 34.68322156876565	 0.17338304524302334
0.4	 0.2 34.873913310033025	 0.17436190693832582
0.4	 0.3 34.56622183182158	 0.17279051264337916
0.4	 0.4 35.15079534983791	 0.17574997674506138
0.4	 0.5 35.774096341045734	 0.1788591086382954
0.4	 0.6 36.06611103438138	 0.1803206291710509
0.4	 0.7 35.27142079927485	 0.1762945252070362
0.4	 0.8 36.69064320259572	 0.18345287575287064
0.4	 0.9 37.68447011531204	 0.18841456599740503
0.4	 0.91 37.694056952276775	 0.18846670560716788
0.4	 0.92 37.646187032145725	 0.1882185602717303
0.4	 0.93 38.371064819204335	 0.1918536507291497
0.4	 0.94 38.013780481032065	 0.19006639392918145
0.4	 0.95 38.213720069853416	 0.19106374847932078
0.4	 0.96 38.17557366730615	 0.19087375872583245
0.4	 0.97 38.34828702542018	 0.19174096101529653
0.4	 0.98 38.27780760908536	 0.19138602281252104
0.4	 0.99 19.81009342642156	 0.0990493672666234
0.4	 1.0 0.0	 0.0
0.5	 -1.0 0.0	 0.0
0.5	 -0.99 18.59680044648471	 0.0929783906872254
0.5	 -0.98 36.679195731526285	 0.18339148743476114
0.5	 -0.97 36.33362893816154	 0.18166226719677794
0.5	 -0.96 35.929289403757224	 0.1796365776326846
0.5	 -0.95 35.813672880551856	 0.1790555924951379
0.5	 -0.94 35.35754870139582	 0.17678715014747085
0.5	 -0.93 35.52178991996967	 0.17760826866729756
0.5	 -0.92 34.771531716933005	 0.17384781339154917
0.5	 -0.91 34.69886561442721	 0.17349093018488904
0.5	 -0.9 34.56113910407817	 0.17280508821724458
0.5	 -0.8 33.44415059321935	 0.16721327719272291
0.5	 -0.7 32.947917513168605	 0.1646738706875042
0.5	 -0.6 32.715836061986415	 0.1635579871557536
0.5	 -0.5 32.758440492959224	 0.1637904152988101
0.5	 -0.4 25.15414947365981	 0.037001546101596006
0.5	 -0.3 32.934568437665384	 0.16466246787690839
0.5	 -0.2 32.77992415273704	 0.16388416537535286
0.5	 -0.1 33.229901846749215	 0.16614792704263512
0.5	 0.0 33.446892754067804	 0.1672122839835768
0.5	 0.1 33.66355612849556	 0.16827965164474162
0.5	 0.2 33.87698438957342	 0.16938266571779392
0.5	 0.3 34.109189375632155	 0.17048062654729845
0.5	 0.4 34.600199107973175	 0.17294080911011891
0.5	 0.5 35.11581819102113	 0.1755591902798778
0.5	 0.6 35.39429473569353	 0.17694496059445863
0.5	 0.7 35.1210314767193	 0.17557617372713186
0.5	 0.8 36.48014103133813	 0.18238222920248162
0.5	 0.9 37.39906861452996	 0.186960332398649
0.5	 0.91 37.29321655811498	 0.18645899701293825
0.5	 0.92 37.43367470699946	 0.1871306877201569
0.5	 0.93 37.897130711830954	 0.1894620271803875
0.5	 0.94 37.632580267280254	 0.18816069798263307
0.5	 0.95 38.10282442475391	 0.19050437137978896
0.5	 0.96 38.01760418725283	 0.19007793561685507
0.5	 0.97 38.19506701892679	 0.19097094750267424
0.5	 0.98 38.24193770070276	 0.19120821483415676
0.5	 0.99 19.73194331006614	 0.09865811612594716
0.5	 1.0 0.0	 0.0
0.6	 -1.0 0.0	 0.0
0.6	 -0.99 17.791604608612616	 0.08895089477058596
0.6	 -0.98 35.576212020916955	 0.1778791083342839
0.6	 -0.97 35.04293743529352	 0.17521095050695532
0.6	 -0.96 34.51483814305512	 0.17256705244015333
0.6	 -0.95 34.2732498658394	 0.17134997890773537
0.6	 -0.94 33.76422361481917	 0.16881846008925597
0.6	 -0.93 33.83686153320449	 0.1691568653374906
0.6	 -0.92 33.103037224422636	 0.16550128572153214
0.6	 -0.91 32.980423152316696	 0.1648888461767226
0.6	 -0.9 32.81544692683825	 0.16407616492645885
0.6	 -0.8 31.66768151777956	 0.15833705145912216
0.6	 -0.7 31.280861261686493	 0.15639914378279227
0.6	 -0.6 31.161268952219746	 0.15577921945282314
0.6	 -0.5 31.29423312144073	 0.15646479939717717
0.6	 -0.4 25.15414947365981	 0.037001546101596006
0.6	 -0.3 31.518379088547274	 0.15758469853564305
0.6	 -0.2 31.950663314366196	 0.15975218746678033
0.6	 -0.1 31.809118988339574	 0.1590414010754999
0.6	 0.0 32.396067085818814	 0.16195972808084552
0.6	 0.1 32.87499367619327	 0.1643541060516765
0.6	 0.2 33.27465839216491	 0.16636563833823084
0.6	 0.3 33.61465390928655	 0.16806980597640792
0.6	 0.4 33.94952304537696	 0.16971627851824186
0.6	 0.5 32.44705050429641	 0.16222700890439848
0.6	 0.6 34.99114758559552	 0.17493761480610082
0.6	 0.7 34.9677056165487	 0.17483680534323898
0.6	 0.8 36.245272351188525	 0.1812250708456028
0.6	 0.9 37.17590266334951	 0.1858665135839042
0.6	 0.91 36.81471340952738	 0.1840701608697486
0.6	 0.92 37.03941212625411	 0.18517774544919757
0.6	 0.93 37.948382747897945	 0.18973490979677596
0.6	 0.94 37.54009642997588	 0.18769592028306958
0.6	 0.95 37.9708040671945	 0.18985084289969098
0.6	 0.96 37.871338867418075	 0.18934918961883235
0.6	 0.97 38.07488021910166	 0.1903719945913704
0.6	 0.98 36.59633921233671	 0.18297805664943328
0.6	 0.99 19.658889419035084	 0.09829388390717705
0.6	 1.0 0.0	 0.0
0.7	 -1.0 0.0	 0.0
0.7	 -0.99 17.27850301800585	 0.08638675275830125
0.7	 -0.98 33.90006791514999	 0.16949496954948023
0.7	 -0.97 33.15508941647478	 0.16576728069278227
0.7	 -0.96 32.51353729410982	 0.16256419182953577
0.7	 -0.95 32.16031563743093	 0.1607891597551248
0.7	 -0.94 31.633786129223893	 0.15816452863542385
0.7	 -0.93 31.641353335190416	 0.15819892393958232
0.7	 -0.92 30.95093631556976	 0.15473704785000644
0.7	 -0.91 30.816656323438128	 0.15408252427609018
0.7	 -0.9 30.658186978015877	 0.15325557892389027
0.7	 -0.8 29.706898256609836	 0.14853424025621217
0.7	 -0.7 29.554674224352105	 0.14775983104539786
0.7	 -0.6 29.610073126088167	 0.14804771114606038
0.7	 -0.5 29.913461466350398	 0.14955753057652035
0.7	 -0.4 25.15414947365981	 0.037001546101596006
0.7	 -0.3 30.564634442927307	 0.1527779447763784
0.7	 -0.2 30.892401630360695	 0.15444464427096044
0.7	 -0.1 31.14238292777979	 0.1557039485356999
0.7	 0.0 30.855098891893622	 0.15426262196773466
0.7	 0.1 31.692178073848257	 0.15845105774099838
0.7	 0.2 32.44290677598593	 0.1622091736335364
0.7	 0.3 33.01532803785345	 0.16501684859704777
0.7	 0.4 33.36112429267029	 0.16680476610885286
0.7	 0.5 32.329467346146075	 0.1616346520089711
0.7	 0.6 34.52307456509486	 0.17259321916302692
0.7	 0.7 35.17738833642286	 0.17584574642150472
0.7	 0.8 35.962126960669515	 0.17979679914897076
0.7	 0.9 36.965634863392275	 0.18482135111571996
0.7	 0.91 36.74388118794245	 0.18371833758722578
0.7	 0.92 37.06358276662155	 0.18529251162946192
0.7	 0.93 37.69872466185335	 0.1884606974604017
0.7	 0.94 37.43869080319542	 0.18719120651569418
0.7	 0.95 37.825721021694775	 0.18912407311619084
0.7	 0.96 37.740657717209665	 0.18869892610327352
0.7	 0.97 37.9624815284798	 0.1898087570733625
0.7	 0.98 36.59633921233671	 0.18297805664943328
0.7	 0.99 19.594472859184147	 0.09797211933075373
0.7	 1.0 0.0	 0.0
0.8	 -1.0 0.0	 0.0
0.8	 -0.99 16.4097711602372	 0.08204482767193931
0.8	 -0.98 31.20154051744295	 0.1560028373218779
0.8	 -0.97 30.31647768152224	 0.15157622880108929
0.8	 -0.96 29.647768721259144	 0.14823855047263532
0.8	 -0.95 29.294149671884277	 0.14645592259816742
0.8	 -0.94 28.8445750763457	 0.1442084523695467
0.8	 -0.93 28.866402597930716	 0.14428440694710165
0.8	 -0.92 28.289362730464735	 0.14142915685849758
0.8	 -0.91 28.194228732074905	 0.14095738769575972
0.8	 -0.9 28.1047509652561	 0.14050673188538576
0.8	 -0.8 27.629436964807677	 0.13813802920084503
0.8	 -0.7 27.828436602056698	 0.13908442166887255
0.8	 -0.6 28.098891454122032	 0.1404937146559392
0.8	 -0.5 28.57591496053862	 0.14287785492016242
0.8	 -0.4 25.15414947365981	 0.037001546101596006
0.8	 -0.3 29.492698684425417	 0.1474429069296097
0.8	 -0.2 29.842954740817337	 0.14916043212166916
0.8	 -0.1 30.351831486419275	 0.15175237322701426
0.8	 0.0 30.423694884172125	 0.15211483910272044
0.8	 0.1 31.226943175315274	 0.15611957839201163
0.8	 0.2 31.895345796021846	 0.15947655771650923
0.8	 0.3 32.417517379994564	 0.16204900435590644
0.8	 0.4 32.820430348714595	 0.16410089906626257
0.8	 0.5 32.208667099281854	 0.16103051402543597
0.8	 0.6 34.13737832947293	 0.17067228486649963
0.8	 0.7 34.83093228660925	 0.17415422677231812
0.8	 0.8 35.69477876838293	 0.17846190788079574
0.8	 0.9 36.776001050045934	 0.18386836118210026
0.8	 0.91 36.67123653116529	 0.18334698460715756
0.8	 0.92 36.89722719551281	 0.1844847865344832
0.8	 0.93 37.592554592017926	 0.18791190741307418
0.8	 0.94 37.31093382694931	 0.1865530173503196
0.8	 0.95 37.69172499085641	 0.18845384069279264
0.8	 0.96 37.621472111459624	 0.1880905741291302
0.8	 0.97 37.86238180349069	 0.1893084903751064
0.8	 0.98 36.59633921233671	 0.18297805664943328
0.8	 0.99 19.536965085291563	 0.09767767251819588
0.8	 1.0 0.0	 0.0
0.9	 -1.0 0.0	 0.0
0.9	 -0.99 12.903641362154232	 0.06450888401113768
0.9	 -0.98 16.309249240067963	 0.08154462916066317
0.9	 -0.97 26.189025159723908	 0.13094164484931184
0.9	 -0.96 25.820224390482707	 0.12909958474323482
0.9	 -0.95 25.63904417312269	 0.12817510342829808
0.9	 -0.94 25.447046655975132	 0.12722514439505267
0.9	 -0.93 25.605538500434545	 0.12802118219306358
0.9	 -0.92 25.205518192873694	 0.12596124375454387
0.9	 -0.91 25.247678862325888	 0.12623593590334878
0.9	 -0.9 25.282550845399886	 0.12638253723659656
0.9	 -0.8 25.525830985577826	 0.12762343384911723
0.9	 -0.7 26.16427963459712	 0.13079233616396116
0.9	 -0.6 26.625981172648146	 0.13312298224059937
0.9	 -0.5 27.336112392848573	 0.13667045466776437
0.9	 -0.4 25.15414947365981	 0.037001546101596006
0.9	 -0.3 28.465382023149004	 0.14229865709239592
0.9	 -0.2 29.020348754074902	 0.14500050169584408
0.9	 -0.1 29.552113623644672	 0.14774571224008148
0.9	 0.0 29.961001256771876	 0.14980051750413967
0.9	 0.1 30.69379950643317	 0.15344389340914688
0.9	 0.2 31.308010510088693	 0.1565123878995183
0.9	 0.3 31.55205778261232	 0.157754775190609
0.9	 0.4 30.798988141389128	 0.15394588935797154
0.9	 0.5 32.08691345187279	 0.16042000021884045
0.9	 0.6 33.77559237537868	 0.16887313535393714
0.9	 0.7 34.52581305651817	 0.17260748129089953
0.9	 0.8 35.45355144798147	 0.1772565814436107
0.9	 0.9 36.61047353281264	 0.18302749371787327
0.9	 0.91 36.594725815908255	 0.1829649686313341
0.9	 0.92 36.74901082424945	 0.18374438624976716
0.9	 0.93 37.476050680489756	 0.18737825749397433
0.9	 0.94 37.18808363969653	 0.18593142451618336
0.9	 0.95 37.580785562334576	 0.1878878771790477
0.9	 0.96 37.137173551920306	 0.18568583949323353
0.9	 0.97 37.75621459071304	 0.18877584634270742
0.9	 0.98 36.59633921233671	 0.18297805664943328
0.9	 0.99 19.311500672646222	 0.09655665135413478
0.9	 1.0 0.0	 0.0
1.0	 -1.0 0.0	 0.0
1.0	 -0.99 10.36504183177832	 0.051822529599221026
1.0	 -0.98 14.176318931116771	 0.07087854052846397
1.0	 -0.97 16.46578044177341	 0.08232749116214699
1.0	 -0.96 16.90767735717665	 0.08452502912977934
1.0	 -0.95 17.30330481081669	 0.08651012060003253
1.0	 -0.94 11.593535366905735	 0.05796362131050964
1.0	 -0.93 22.216883558674525	 0.11106460442307495
1.0	 -0.92 22.041573100931704	 0.11014126880448565
1.0	 -0.91 22.26251995700677	 0.11130797484306076
1.0	 -0.9 22.44568874048506	 0.11222054894442644
1.0	 -0.8 23.57128295034617	 0.11785369770913953
1.0	 -0.7 24.597304286882505	 0.12298519698415851
1.0	 -0.6 23.547216806847626	 0.11770788590181187
1.0	 -0.5 24.82425990757992	 0.12411920577547943
1.0	 -0.4 25.15414947365981	 0.037001546101596006
1.0	 -0.3 26.9435537392118	 0.1347159277330732
1.0	 -0.2 27.84632618835223	 0.1392202419866844
1.0	 -0.1 28.701913061168288	 0.14349813353509216
1.0	 0.0 29.43832188832277	 0.1471855406217184
1.0	 0.1 30.103645904304667	 0.15049917664361248
1.0	 0.2 30.759745979611452	 0.15377036058853003
1.0	 0.3 30.616195560041657	 0.15306778844985344
1.0	 0.4 30.67860966206013	 0.15330647964626282
1.0	 0.5 31.95756903046434	 0.15978617811099494
1.0	 0.6 33.401639339492334	 0.16698114612470408
1.0	 0.7 34.24904283213172	 0.17123751941169219
1.0	 0.8 35.153011151582255	 0.17575494564291533
1.0	 0.9 36.33009307321941	 0.18161683849643517
1.0	 0.91 36.514997405033284	 0.18256278204928789
1.0	 0.92 36.60577649120786	 0.1830016958048954
1.0	 0.93 37.362853031119414	 0.1868010429657745
1.0	 0.94 37.06813286928737	 0.18532646572315242
1.0	 0.95 37.487765209440944	 0.1874364822765286
1.0	 0.96 37.11244991404375	 0.18555044258886774
1.0	 0.97 37.564268344260825	 0.18781571841535205
1.0	 0.98 36.59633921233671	 0.18297805664943328
1.0	 0.99 19.299179711873148	 0.09649228184947065
1.0	 1.0 0.0	 0.0
1.1	 -1.0 0.0	 0.0
1.1	 -0.99 3.6756365424347663	 0.018377340091853527
1.1	 -0.98 7.138355890708668	 0.03568874199655305
1.1	 -0.97 3.0857522028637145	 0.01542810000040279
1.1	 -0.96 15.60457089389531	 0.07801762213095725
1.1	 -0.95 16.046984784747774	 0.08023268451433632
1.1	 -0.94 16.476974994898477	 0.08238185723216745
1.1	 -0.93 17.056179076251222	 0.08527430866618464
1.1	 -0.92 17.1009230589985	 0.08549717215244093
1.1	 -0.91 19.561117485817235	 0.09780193054532174
1.1	 -0.9 19.89781654639195	 0.09948335828242098
1.1	 -0.8 21.81910503224986	 0.1090854717556499
1.1	 -0.7 23.154297442512746	 0.1157612903083251
1.1	 -0.6 24.196920583141694	 0.12097762403320025
1.1	 -0.5 25.176642753076713	 0.12587839503728152
1.1	 -0.4 25.15414947365981	 0.037001546101596006
1.1	 -0.3 26.805510494351786	 0.13401682555779015
1.1	 -0.2 27.375971696905584	 0.1368087223139344
1.1	 -0.1 28.170472017069176	 0.14082090495657057
1.1	 0.0 28.842304282509197	 0.14419894450361986
1.1	 0.1 29.55989212025244	 0.14779187791256937
1.1	 0.2 30.2897462859126	 0.15141902017692965
1.1	 0.3 30.433711278372638	 0.15215392424587507
1.1	 0.4 30.568507131520384	 0.15277352490474075
1.1	 0.5 31.832687647254907	 0.15915566618019358
1.1	 0.6 33.15412844285949	 0.16574040340530666
1.1	 0.7 29.27778067020529	 0.14636665376865698
1.1	 0.8 35.03364787609222	 0.17516091702454437
1.1	 0.9 33.6218024044696	 0.16807561043450683
1.1	 0.91 33.91183203804185	 0.16955147586450608
1.1	 0.92 34.12737536242709	 0.17062532442808534
1.1	 0.93 35.004128103078365	 0.1750199475306572
1.1	 0.94 34.886407862933915	 0.1744310025200353
1.1	 0.95 35.49229753246854	 0.1774269507464992
1.1	 0.96 35.637031659221606	 0.17817902278175404
1.1	 0.97 36.16686747106039	 0.18083275477819127
1.1	 0.98 36.59633921233671	 0.18297805664943328
1.1	 0.99 19.286606196483003	 0.0964305803245558
1.1	 1.0 0.0	 0.0
1.2	 -1.0 0.0	 0.0
1.2	 -0.99 3.5448648400762157	 0.01771956412769955
1.2	 -0.98 6.7687187052215565	 0.03384246722112794
1.2	 -0.97 3.0857522028637145	 0.01542810000040279
1.2	 -0.96 13.783450964875406	 0.06891378829171806
1.2	 -0.95 14.716592092906458	 0.07358039974578726
1.2	 -0.94 15.292282646879597	 0.07645736968947975
1.2	 -0.93 15.940984713812112	 0.07970475839968065
1.2	 -0.92 16.08205122251672	 0.08036937706258147
1.2	 -0.91 17.267119634962846	 0.08632994644578777
1.2	 -0.9 17.688739326081997	 0.08841323257113606
1.2	 -0.8 20.301817890170746	 0.1015029234460921
1.2	 -0.7 21.949354147231453	 0.10973186277084057
1.2	 -0.6 23.15530423775676	 0.11577046550568455
1.2	 -0.5 24.247753300936523	 0.12123444754098942
1.2	 -0.4 25.15414947365981	 0.037001546101596006
1.2	 -0.3 26.01376147967429	 0.1300444862644904
1.2	 -0.2 26.818657363818858	 0.13408492478552575
1.2	 -0.1 27.57653197463806	 0.13786867004624317
1.2	 0.0 28.298697822448368	 0.14148115600546574
1.2	 0.1 29.07674356724338	 0.14535121729487532
1.2	 0.2 29.79724464767353	 0.14896189952752015
1.2	 0.3 30.24103338801182	 0.15119248203190114
1.2	 0.4 30.44889216757039	 0.15218632936509063
1.2	 0.5 31.699108226319527	 0.15848285690596575
1.2	 0.6 32.86239952122342	 0.1642936787692674
1.2	 0.7 29.27778067020529	 0.14636665376865698
1.2	 0.8 34.86140501824266	 0.1743051602143625
1.2	 0.9 33.6218024044696	 0.16807561043450683
1.2	 0.91 33.91183203804185	 0.16955147586450608
1.2	 0.92 34.12737536242709	 0.17062532442808534
1.2	 0.93 35.004128103078365	 0.1750199475306572
1.2	 0.94 34.886407862933915	 0.1744310025200353
1.2	 0.95 35.49229753246854	 0.1774269507464992
1.2	 0.96 35.637031659221606	 0.17817902278175404
1.2	 0.97 36.16686747106039	 0.18083275477819127
1.2	 0.98 36.59633921233671	 0.18297805664943328
1.2	 0.99 19.27372611543567	 0.09636531309015654
1.2	 1.0 0.0	 0.0
1.3	 -1.0 0.0	 0.0
1.3	 -0.99 3.4328766118459524	 0.017162331027228247
1.3	 -0.98 6.4477831974460615	 0.03223656143938703
1.3	 -0.97 3.0857522028637145	 0.01542810000040279
1.3	 -0.96 10.718069614629039	 0.05358689931282311
1.3	 -0.95 12.353755284132115	 0.06176089015583255
1.3	 -0.94 12.919827193594317	 0.06459528665878997
1.3	 -0.93 13.545456039027679	 0.06771790638072689
1.3	 -0.92 12.392238079037012	 0.06186915045527866
1.3	 -0.91 15.426023021233464	 0.07712484915754224
1.3	 -0.9 15.880103502015634	 0.07939800079017972
1.3	 -0.8 18.661002744960502	 0.09330410040648549
1.3	 -0.7 20.566842032070298	 0.10281055447764136
1.3	 -0.6 21.996761395842846	 0.10997367887390615
1.3	 -0.5 23.338621382204657	 0.11667788835043774
1.3	 -0.4 25.15414947365981	 0.037001546101596006
1.3	 -0.3 25.417362724410257	 0.1270338975103932
1.3	 -0.2 26.223920501038116	 0.1311084271027396
1.3	 -0.1 27.038317512115697	 0.1351735798315963
1.3	 0.0 27.593083466576978	 0.13794673323486234
1.3	 0.1 28.569851265234565	 0.14283852296180152
1.3	 0.2 29.451618134930747	 0.14724944847608024
1.3	 0.3 30.202379018299297	 0.15099414823949414
1.3	 0.4 30.32661766665227	 0.1516167122261392
1.3	 0.5 31.559803707104127	 0.1577758737309728
1.3	 0.6 32.635181828493096	 0.16316523925305373
1.3	 0.7 29.27778067020529	 0.14636665376865698
1.3	 0.8 34.69637717077084	 0.17348055178784683
1.3	 0.9 33.6218024044696	 0.16807561043450683
1.3	 0.91 33.91183203804185	 0.16955147586450608
1.3	 0.92 34.12737536242709	 0.17062532442808534
1.3	 0.93 35.004128103078365	 0.1750199475306572
1.3	 0.94 34.886407862933915	 0.1744310025200353
1.3	 0.95 35.49229753246854	 0.1774269507464992
1.3	 0.96 35.637031659221606	 0.17817902278175404
1.3	 0.97 36.16686747106039	 0.18083275477819127
1.3	 0.98 36.59633921233671	 0.18297805664943328
1.3	 0.99 19.260610918284115	 0.09630273725287532
1.3	 1.0 0.0	 0.0
1.4	 -1.0 0.0	 0.0
1.4	 -0.99 3.335556444060529	 0.01667666759091284
1.4	 -0.98 6.1659492549608945	 0.03082435644586256
1.4	 -0.97 6.477041199532168	 0.032382520723961694
1.4	 -0.96 6.683775559096866	 0.033410440845661304
1.4	 -0.95 6.777050043315876	 0.03388523764571681
1.4	 -0.94 6.879850684792236	 0.03439753418058428
1.4	 -0.93 7.019377020702431	 0.035084181572953746
1.4	 -0.92 11.851544863053078	 0.059238786039141365
1.4	 -0.91 12.096047061477512	 0.06046912451613895
1.4	 -0.9 12.304548504289514	 0.0615060746338563
1.4	 -0.8 13.353388687824292	 0.06676473613505385
1.4	 -0.7 19.88644322310734	 0.0994210064043687
1.4	 -0.6 21.386729729495926	 0.10691536821293106
1.4	 -0.5 22.693589036970355	 0.11346137188898041
1.4	 -0.4 23.714968729240113	 0.11854850194436523
1.4	 -0.3 24.82167671686439	 0.12406959321842337
1.4	 -0.2 25.68984860303155	 0.1284254350994738
1.4	 -0.1 26.52755633097349	 0.13262470677937047
1.4	 0.0 27.303979782575627	 0.13650399517503817
1.4	 0.1 28.23320951107807	 0.14116035394049714
1.4	 0.2 29.08713473401098	 0.14540915688438671
1.4	 0.3 29.82439705349187	 0.1491163499009371
1.4	 0.4 30.198363284452928	 0.15095452529208667
1.4	 0.5 31.414061721087634	 0.15706460148055112
1.4	 0.6 32.29363023479695	 0.16145420281120554
1.4	 0.7 29.27778067020529	 0.14636665376865698
1.4	 0.8 34.54790369182716	 0.17272093021462775
1.4	 0.9 33.6218024044696	 0.16807561043450683
1.4	 0.91 33.91183203804185	 0.16955147586450608
1.4	 0.92 34.12737536242709	 0.17062532442808534
1.4	 0.93 35.004128103078365	 0.1750199475306572
1.4	 0.94 34.886407862933915	 0.1744310025200353
1.4	 0.95 35.49229753246854	 0.1774269507464992
1.4	 0.96 35.637031659221606	 0.17817902278175404
1.4	 0.97 36.16686747106039	 0.18083275477819127
1.4	 0.98 36.59633921233671	 0.18297805664943328
1.4	 0.99 19.246969594392297	 0.0962280316094875
1.4	 1.0 0.0	 0.0
1.5	 -1.0 0.0	 0.0
1.5	 -0.99 3.2500060994079853	 0.016249740035232572
1.5	 -0.98 5.911765257402812	 0.029554935393273342
1.5	 -0.97 6.328791777181999	 0.031642647222536464
1.5	 -0.96 6.520270827060798	 0.032599150981414166
1.5	 -0.95 6.626074321817085	 0.03311797312534664
1.5	 -0.94 6.74251130472918	 0.0337121180220652
1.5	 -0.93 6.892592790767536	 0.03445781189078956
1.5	 -0.92 11.365431599899146	 0.056823804974399685
1.5	 -0.91 11.644172567153245	 0.05821587949288373
1.5	 -0.9 11.879509188201514	 0.059361074009394006
1.5	 -0.8 13.05940281046835	 0.06529061960628091
1.5	 -0.7 19.067435085782797	 0.09533650236770179
1.5	 -0.6 20.64938044033854	 0.10324438366156612
1.5	 -0.5 22.035400958310294	 0.11016980610153106
1.5	 -0.4 23.11984538304946	 0.11557667449969497
1.5	 -0.3 24.286978904289768	 0.12141035239474719
1.5	 -0.2 25.20382872649613	 0.12592882362805682
1.5	 -0.1 26.04219526706469	 0.13021020230275301
1.5	 0.0 26.9744299012537	 0.13485429838201457
1.5	 0.1 27.863597367493643	 0.13928017638801113
1.5	 0.2 28.75433789921625	 0.14372412853935618
1.5	 0.3 29.584030062045457	 0.1478888247317211
1.5	 0.4 30.0653769866538	 0.1502993853353583
1.5	 0.5 31.25561704722734	 0.15627701904688393
1.5	 0.6 32.16205830495033	 0.1607954813925692
1.5	 0.7 29.27778067020529	 0.14636665376865698
1.5	 0.8 34.41264802739021	 0.17204786767140343
1.5	 0.9 33.6218024044696	 0.16807561043450683
1.5	 0.91 33.91183203804185	 0.16955147586450608
1.5	 0.92 34.12737536242709	 0.17062532442808534
1.5	 0.93 35.004128103078365	 0.1750199475306572
1.5	 0.94 34.886407862933915	 0.1744310025200353
1.5	 0.95 35.49229753246854	 0.1774269507464992
1.5	 0.96 35.637031659221606	 0.17817902278175404
1.5	 0.97 36.16686747106039	 0.18083275477819127
1.5	 0.98 36.59633921233671	 0.18297805664943328
1.5	 0.99 19.23285917337809	 0.09616238359655024
1.5	 1.0 0.0	 0.0
1.6	 -1.0 0.0	 0.0
1.6	 -0.99 3.173990904627335	 0.01586842588964976
1.6	 -0.98 5.679636393832098	 0.028396137367901756
1.6	 -0.97 6.150412503515587	 0.030749136315007652
1.6	 -0.96 6.378533089190816	 0.03188927975267461
1.6	 -0.95 6.493323350937132	 0.032450260756584214
1.6	 -0.94 6.6209819732522766	 0.03310236808766337
1.6	 -0.93 6.782491881653472	 0.03390431481097275
1.6	 -0.92 10.919823296397306	 0.05456807092938579
1.6	 -0.91 11.23437161544935	 0.05616704569053063
1.6	 -0.9 11.497522724117738	 0.05746480754758312
1.6	 -0.8 12.80016371238695	 0.06400033653528145
1.6	 -0.7 18.342695684173467	 0.09167876873382423
1.6	 -0.6 20.00450258436712	 0.1000156858532178
1.6	 -0.5 21.449392476800067	 0.10723425437375354
1.6	 -0.4 22.6004759062613	 0.11298094689365047
1.6	 -0.3 23.6715513377637	 0.11834296793791606
1.6	 -0.2 24.724718286898472	 0.12353597476722668
1.6	 -0.1 25.708312064943613	 0.12852946148639693
1.6	 0.0 26.608906742462885	 0.13303856886489177
1.6	 0.1 27.420177117378024	 0.1370730900934462
1.6	 0.2 28.429025779009276	 0.14214233910667864
1.6	 0.3 29.292935714660054	 0.14645402482025463
1.6	 0.4 29.928052644312263	 0.1496352159268129
1.6	 0.5 31.07643405006958	 0.1553711420064287
1.6	 0.6 32.01866396249489	 0.16007268029273905
1.6	 0.7 29.27778067020529	 0.14636665376865698
1.6	 0.8 34.28639822816167	 0.17143062220889374
1.6	 0.9 33.6218024044696	 0.16807561043450683
1.6	 0.91 33.91183203804185	 0.16955147586450608
1.6	 0.92 34.12737536242709	 0.17062532442808534
1.6	 0.93 35.004128103078365	 0.1750199475306572
1.6	 0.94 34.886407862933915	 0.1744310025200353
1.6	 0.95 35.49229753246854	 0.1774269507464992
1.6	 0.96 35.637031659221606	 0.17817902278175404
1.6	 0.97 36.16686747106039	 0.18083275477819127
1.6	 0.98 36.59633921233671	 0.18297805664943328
1.6	 0.99 19.218281031704556	 0.09608416728162462
1.6	 1.0 0.0	 0.0
1.7	 -1.0 0.0	 0.0
1.7	 -0.99 3.125083468680918	 0.01562517195088982
1.7	 -0.98 5.464002360295707	 0.027319415578399744
1.7	 -0.97 5.989025800570551	 0.029941906208880625
1.7	 -0.96 6.243986826562888	 0.031210371713444752
1.7	 -0.95 6.374293916086755	 0.03186288973767035
1.7	 -0.94 6.512873570874937	 0.03255825640013686
1.7	 -0.93 6.684176231603899	 0.03337271466754249
1.7	 -0.92 10.505058028943484	 0.05251093631351671
1.7	 -0.91 10.857806550660639	 0.0542876129425297
1.7	 -0.9 11.149341773399223	 0.05571882967048048
1.7	 -0.8 12.569662491606376	 0.06284563803819056
1.7	 -0.7 17.632690939320415	 0.08811668887692309
1.7	 -0.6 19.318509197334397	 0.09658102710666117
1.7	 -0.5 20.830125472295517	 0.10413924416591083
1.7	 -0.4 22.12686081945381	 0.110601966667281
1.7	 -0.3 23.355828052356244	 0.11674710063882716
1.7	 -0.2 24.371069464152846	 0.12178278400708577
1.7	 -0.1 25.34145840932956	 0.12668242283354847
1.7	 0.0 26.2735298644819	 0.13134407123683478
1.7	 0.1 27.20262983537133	 0.13598458944020037
1.7	 0.2 28.1759954377071	 0.14081671830517672
1.7	 0.3 29.03838810667548	 0.14516413243690687
1.7	 0.4 29.783844245748256	 0.14883191568285786
1.7	 0.5 30.874293685719138	 0.15436943343117512
1.7	 0.6 30.80834141754393	 0.15402112840111065
1.7	 0.7 29.27778067020529	 0.14636665376865698
1.7	 0.8 34.16912374050869	 0.17083938850904515
1.7	 0.9 33.6218024044696	 0.16807561043450683
1.7	 0.91 33.91183203804185	 0.16955147586450608
1.7	 0.92 34.12737536242709	 0.17062532442808534
1.7	 0.93 35.004128103078365	 0.1750199475306572
1.7	 0.94 34.886407862933915	 0.1744310025200353
1.7	 0.95 35.49229753246854	 0.1774269507464992
1.7	 0.96 35.637031659221606	 0.17817902278175404
1.7	 0.97 36.16686747106039	 0.18083275477819127
1.7	 0.98 36.59633921233671	 0.18297805664943328
1.7	 0.99 19.202768591090695	 0.09601199798382021
1.7	 1.0 0.0	 0.0
1.8	 -1.0 0.0	 0.0
1.8	 -0.99 3.062790413422791	 0.015312396682507196
1.8	 -0.98 5.2601158877141705	 0.0262952828113377
1.8	 -0.97 5.841528555716213	 0.02920681889084757
1.8	 -0.96 6.121804679997078	 0.030601819371965606
1.8	 -0.95 6.267459746647932	 0.0313336441859958
1.8	 -0.94 6.415900170529963	 0.032075132203106343
1.8	 -0.93 6.595572006273523	 0.03294341967707698
1.8	 -0.92 10.09630317112457	 0.050455853823337934
1.8	 -0.91 10.49778687153327	 0.0524866294463647
1.8	 -0.9 10.820919184717736	 0.05408490141340458
1.8	 -0.8 12.359748748163227	 0.06179174080062335
1.8	 -0.7 17.14953007345182	 0.08574555548327462
1.8	 -0.6 18.915144228416835	 0.09457479145128493
1.8	 -0.5 20.45146341676008	 0.10224510928643141
1.8	 -0.4 21.696950677599474	 0.10847296076230276
1.8	 -0.3 22.96976093279803	 0.11484685250835185
1.8	 -0.2 23.990735288800757	 0.11992856057662145
1.8	 -0.1 25.00448216554131	 0.12501211726663444
1.8	 0.0 25.96445621668832	 0.1298214347791792
1.8	 0.1 26.943699007317715	 0.13469878951877173
1.8	 0.2 27.90607332430766	 0.13949214699878623
1.8	 0.3 28.801144566009302	 0.14398670541854025
1.8	 0.4 29.61593953065029	 0.1480555088160967
1.8	 0.5 30.686890502141836	 0.15342870889596735
1.8	 0.6 30.774395179315285	 0.15386244349867542
1.8	 0.7 29.27778067020529	 0.14636665376865698
1.8	 0.8 34.05248128338601	 0.17024654460994448
1.8	 0.9 33.6218024044696	 0.16807561043450683
1.8	 0.91 33.91183203804185	 0.16955147586450608
1.8	 0.92 34.12737536242709	 0.17062532442808534
1.8	 0.93 35.004128103078365	 0.1750199475306572
1.8	 0.94 34.886407862933915	 0.1744310025200353
1.8	 0.95 35.49229753246854	 0.1774269507464992
1.8	 0.96 35.637031659221606	 0.17817902278175404
1.8	 0.97 36.16686747106039	 0.18083275477819127
1.8	 0.98 36.59633921233671	 0.18297805664943328
1.8	 0.99 19.18633883378354	 0.0959241147416904
1.8	 1.0 0.0	 0.0
1.9	 -1.0 0.0	 0.0
1.9	 -0.99 3.002954935863658	 0.015014362255185019
1.9	 -0.98 5.053891931463595	 0.025266683442627013
1.9	 -0.97 5.700873744054533	 0.02850428104473439
1.9	 -0.96 6.006840876062245	 0.03003157764826068
1.9	 -0.95 6.167438751805778	 0.030830736028597063
1.9	 -0.94 6.325294730981566	 0.03162009856737843
1.9	 -0.93 6.512066004326405	 0.03254558240261861
1.9	 -0.92 9.231412991660953	 0.046147257780636684
1.9	 -0.91 10.167503599038337	 0.05083147124941243
1.9	 -0.9 10.523640707768454	 0.052593553787365306
1.9	 -0.8 12.174607056223277	 0.060872591955693965
1.9	 -0.7 16.664063965369106	 0.08327407601921225
1.9	 -0.6 18.45880441732961	 0.09228153617672
1.9	 -0.5 20.027580073124074	 0.10013463751719778
1.9	 -0.4 21.296233961972952	 0.10647363926522439
1.9	 -0.3 22.609580879211276	 0.11304520767911182
1.9	 -0.2 23.669909347849334	 0.11827707274917776
1.9	 -0.1 24.69663168849964	 0.12347044632895854
1.9	 0.0 25.204778749141763	 0.12601704988124593
1.9	 0.1 26.68605053530777	 0.13342212581155846
1.9	 0.2 27.493487758945207	 0.1374307702930927
1.9	 0.3 28.54565319486039	 0.14271193951711647
1.9	 0.4 29.42204352537271	 0.14704826241983787
1.9	 0.5 30.508065560332486	 0.15252075828205797
1.9	 0.6 30.740431788575734	 0.1536892729630973
1.9	 0.7 29.27778067020529	 0.14636665376865698
1.9	 0.8 33.959213227792056	 0.16978321688413714
1.9	 0.9 33.6218024044696	 0.16807561043450683
1.9	 0.91 33.91183203804185	 0.16955147586450608
1.9	 0.92 34.12737536242709	 0.17062532442808534
1.9	 0.93 35.004128103078365	 0.1750199475306572
1.9	 0.94 34.886407862933915	 0.1744310025200353
1.9	 0.95 35.49229753246854	 0.1774269507464992
1.9	 0.96 35.637031659221606	 0.17817902278175404
1.9	 0.97 36.16686747106039	 0.18083275477819127
1.9	 0.98 36.59633921233671	 0.18297805664943328
1.9	 0.99 19.16703237251371	 0.09583009437306603
1.9	 1.0 0.0	 0.0
2.0	 -1.0 0.0	 0.0
2.0	 -0.99 2.95433030118911	 0.014769841775398597
2.0	 -0.98 4.857411441012304	 0.024283977104747292
2.0	 -0.97 5.580974398704959	 0.02790409243000767
2.0	 -0.96 5.908141499357334	 0.029539157139898825
2.0	 -0.95 6.081986740491528	 0.030386015063915403
2.0	 -0.94 6.2489329922798245	 0.0312418515847936
2.0	 -0.93 6.442216370681815	 0.03219207609459324
2.0	 -0.92 9.108613305615732	 0.0455404875081986
2.0	 -0.91 9.789230911143726	 0.04893717172738277
2.0	 -0.9 10.238561632595825	 0.051185839230215795
2.0	 -0.8 12.006108027541542	 0.06002573520114545
2.0	 -0.7 16.21751170893596	 0.08107930753587372
2.0	 -0.6 18.040826783336062	 0.09020094172226835
2.0	 -0.5 19.64748708813885	 0.09822742834655672
2.0	 -0.4 20.952795895687522	 0.10475535264634458
2.0	 -0.3 22.279061913846522	 0.11134771765062597
2.0	 -0.2 23.35918660681813	 0.11675954256663619
2.0	 -0.1 24.416724960486253	 0.1220780826357195
2.0	 0.0 25.091383538873128	 0.12544249300828947
2.0	 0.1 26.448768191597154	 0.1322086557144031
2.0	 0.2 27.36971285333556	 0.13684815098444747
2.0	 0.3 28.386700507282793	 0.14191700287994083
2.0	 0.4 29.2395830748048	 0.14611586029484633
2.0	 0.5 30.335264808293342	 0.15167413205694047
2.0	 0.6 30.70744417184754	 0.15353195491177832
2.0	 0.7 29.27778067020529	 0.14636665376865698
2.0	 0.8 33.82694163521439	 0.16912934018267714
2.0	 0.9 33.6218024044696	 0.16807561043450683
2.0	 0.91 33.91183203804185	 0.16955147586450608
2.0	 0.92 34.12737536242709	 0.17062532442808534
2.0	 0.93 35.004128103078365	 0.1750199475306572
2.0	 0.94 34.886407862933915	 0.1744310025200353
2.0	 0.95 35.49229753246854	 0.1774269507464992
2.0	 0.96 35.637031659221606	 0.17817902278175404
2.0	 0.97 36.16686747106039	 0.18083275477819127
2.0	 0.98 36.59633921233671	 0.18297805664943328
2.0	 0.99 19.14715429426223	 0.09573037645502752
2.0	 1.0 0.0	 0.0
2.1	 -1.0 0.0	 0.0
2.1	 -0.99 2.905991000068788	 0.014529155899990992
2.1	 -0.98 4.644755927793501	 0.0232218955495073
2.1	 -0.97 5.464117247271434	 0.02732054822604237
2.1	 -0.96 5.814078279622027	 0.02906617554165854
2.1	 -0.95 6.000799687209141	 0.029991620837889567
2.1	 -0.94 6.175743212511469	 0.030872334357951264
2.1	 -0.93 6.377684971513678	 0.031835365476768455
2.1	 -0.92 8.958413438471888	 0.044779826641370916
2.1	 -0.91 9.488751147298837	 0.04744106939449259
2.1	 -0.9 9.958945852826968	 0.04978570001276223
2.1	 -0.8 11.850777082589008	 0.059246425625685245
2.1	 -0.7 15.853044386063216	 0.07922917815404294
2.1	 -0.6 17.688285572237362	 0.08843716221318786
2.1	 -0.5 19.2950999587911	 0.09646648037802488
2.1	 -0.4 20.632597673907586	 0.10312022269838911
2.1	 -0.3 21.98088124243262	 0.10983700135548832
2.1	 -0.2 23.09124478094954	 0.11543991894060363
2.1	 -0.1 24.155683155251587	 0.12076401887102553
2.1	 0.0 24.97607160390871	 0.12487060915975302
2.1	 0.1 26.225749639326057	 0.13110543622348933
2.1	 0.2 27.231991790267628	 0.1361508302829784
2.1	 0.3 28.20033531273485	 0.14098438410546046
2.1	 0.4 29.072943770059368	 0.1452597135926915
2.1	 0.5 30.199173622395726	 0.1509957357907655
2.1	 0.6 30.67215243268135	 0.15333646522802813
2.1	 0.7 29.27778067020529	 0.14636665376865698
2.1	 0.8 33.76517101358952	 0.1688214490858122
2.1	 0.9 33.6218024044696	 0.16807561043450683
2.1	 0.91 33.91183203804185	 0.16955147586450608
2.1	 0.92 34.12737536242709	 0.17062532442808534
2.1	 0.93 35.004128103078365	 0.1750199475306572
2.1	 0.94 34.886407862933915	 0.1744310025200353
2.1	 0.95 35.49229753246854	 0.1774269507464992
2.1	 0.96 35.637031659221606	 0.17817902278175404
2.1	 0.97 36.16686747106039	 0.18083275477819127
2.1	 0.98 36.59633921233671	 0.18297805664943328
2.1	 0.99 19.12822706858392	 0.09563488291006887
2.1	 1.0 0.0	 0.0
2.2	 -1.0 0.0	 0.0
2.2	 -0.99 2.8614264940746112	 0.014305273581913126
2.2	 -0.98 4.455291967253542	 0.022271802209825612
2.2	 -0.97 5.353792980687879	 0.02676890557451849
2.2	 -0.96 5.726659551484612	 0.028632607942981943
2.2	 -0.95 5.926101363399724	 0.029624057209636477
2.2	 -0.94 6.108684950539794	 0.03054249141994457
2.2	 -0.93 6.317659631809961	 0.03158498912627294
2.2	 -0.92 8.649590971007342	 0.04323575750176068
2.2	 -0.91 9.145043958208781	 0.04572435639625891
2.2	 -0.9 9.566826754632135	 0.047819545633359536
2.2	 -0.8 11.708070748054695	 0.05853274952872616
2.2	 -0.7 15.508595559989992	 0.07751591402408199
2.2	 -0.6 17.359253244321884	 0.08679074351888014
2.2	 -0.5 18.97937698239796	 0.09489501412776499
2.2	 -0.4 20.342364046909353	 0.10167985425491992
2.2	 -0.3 21.703682966409893	 0.10845792412965281
2.2	 -0.2 22.834502198301205	 0.1141215838731203
2.2	 -0.1 23.915259734237864	 0.1195675027820129
2.2	 0.0 24.85242459184983	 0.12424225290796483
2.2	 0.1 25.988577601170572	 0.12990340000435233
2.2	 0.2 27.066058574635125	 0.1353037692404194
2.2	 0.3 28.025723631326187	 0.14012786839314445
2.2	 0.4 28.915810505152283	 0.14455617734146325
2.2	 0.5 30.017919731823103	 0.15007843015240938
2.2	 0.6 30.637620465859758	 0.15318770593780084
2.2	 0.7 29.27778067020529	 0.14636665376865698
2.2	 0.8 33.697468068680855	 0.16848688682119825
2.2	 0.9 33.6218024044696	 0.16807561043450683
2.2	 0.91 33.91183203804185	 0.16955147586450608
2.2	 0.92 34.12737536242709	 0.17062532442808534
2.2	 0.93 35.004128103078365	 0.1750199475306572
2.2	 0.94 34.886407862933915	 0.1744310025200353
2.2	 0.95 35.49229753246854	 0.1774269507464992
2.2	 0.96 35.637031659221606	 0.17817902278175404
2.2	 0.97 36.16686747106039	 0.18083275477819127
2.2	 0.98 36.59633921233671	 0.18297805664943328
2.2	 0.99 19.11042757480273	 0.09554635897564111
2.2	 1.0 0.0	 0.0
2.3	 -1.0 0.0	 0.0
2.3	 -0.99 2.8199646574934465	 0.014098070372069383
2.3	 -0.98 4.323136884105323	 0.021613854602935956
2.3	 -0.97 5.247941833901167	 0.026239298682160992
2.3	 -0.96 5.645411454455209	 0.028221350817471777
2.3	 -0.95 5.857071945592565	 0.029276480755677525
2.3	 -0.94 6.047054746267663	 0.03023171454516385
2.3	 -0.93 6.262153360670424	 0.031285083515114095
2.3	 -0.92 8.293218157893289	 0.04144531570406723
2.3	 -0.91 8.919941617065662	 0.0445941712405942
2.3	 -0.9 9.383117572778444	 0.04688811562741671
2.3	 -0.8 11.576508229112298	 0.05787298123731709
2.3	 -0.7 15.121679905680415	 0.07559646465093685
2.3	 -0.6 16.887617749006658	 0.08443555990267129
2.3	 -0.5 18.477521966440914	 0.0923865955320323
2.3	 -0.4 20.062679621703854	 0.10031172856808765
2.3	 -0.3 21.226935752433494	 0.10613244603931302
2.3	 -0.2 22.43673360267711	 0.1120924676811713
2.3	 -0.1 23.69263273499279	 0.1184327897154979
2.3	 0.0 24.718861116795814	 0.1235934028379459
2.3	 0.1 25.83110242470989	 0.12911826955407885
2.3	 0.2 26.892242770703447	 0.13445400479068756
2.3	 0.3 27.86494048085541	 0.13929874533609088
2.3	 0.4 28.771098599554065	 0.14384614247291874
2.3	 0.5 29.921383248033592	 0.14959997210821943
2.3	 0.6 30.60187175310916	 0.15300743984847592
2.3	 0.7 29.27778067020529	 0.14636665376865698
2.3	 0.8 33.62048408206689	 0.16809160525497907
2.3	 0.9 33.6218024044696	 0.16807561043450683
2.3	 0.91 33.91183203804185	 0.16955147586450608
2.3	 0.92 34.12737536242709	 0.17062532442808534
2.3	 0.93 35.004128103078365	 0.1750199475306572
2.3	 0.94 34.886407862933915	 0.1744310025200353
2.3	 0.95 35.49229753246854	 0.1774269507464992
2.3	 0.96 35.637031659221606	 0.17817902278175404
2.3	 0.97 36.16686747106039	 0.18083275477819127
2.3	 0.98 36.59633921233671	 0.18297805664943328
2.3	 0.99 19.094024806177245	 0.09546889349315757
2.3	 1.0 0.0	 0.0
2.4	 -1.0 0.0	 0.0
2.4	 -0.99 2.7811560349188693	 0.01390505601293668
2.4	 -0.98 4.196285828292745	 0.02097847147328649
2.4	 -0.97 5.146128112188835	 0.02573039230868084
2.4	 -0.96 5.569377032011165	 0.02783919839280957
2.4	 -0.95 5.79279948498398	 0.028963968035421228
2.4	 -0.94 5.989970130541717	 0.02994626376253838
2.4	 -0.93 6.210925906848009	 0.031040505502730954
2.4	 -0.92 8.156523642391925	 0.04077901372233364
2.4	 -0.91 8.693342455923107	 0.043466600291028924
2.4	 -0.9 9.146034211570823	 0.04572631568996856
2.4	 -0.8 11.454039420427629	 0.05726420136562121
2.4	 -0.7 14.920580780296204	 0.07455394200592715
2.4	 -0.6 16.720356449007603	 0.08358858764835783
2.4	 -0.5 18.326625575634537	 0.09162720526455854
2.4	 -0.4 19.828078200138034	 0.09908493861251276
2.4	 -0.3 21.09474785376975	 0.10544999723177956
2.4	 -0.2 22.30326855907962	 0.11148798432024765
2.4	 -0.1 23.45258301907034	 0.11724901399387191
2.4	 0.0 24.564803633160817	 0.1227992784859021
2.4	 0.1 25.653776174765284	 0.12824684295509775
2.4	 0.2 26.729918432211598	 0.13359619766351494
2.4	 0.3 27.713828703887582	 0.13853776811762678
2.4	 0.4 28.635926039052936	 0.14314417378286387
2.4	 0.5 29.80944263582048	 0.14903073124591368
2.4	 0.6 30.566394114790413	 0.1528311763396773
2.4	 0.7 29.27778067020529	 0.14636665376865698
2.4	 0.8 33.548111476204475	 0.16773158873810212
2.4	 0.9 33.6218024044696	 0.16807561043450683
2.4	 0.91 33.91183203804185	 0.16955147586450608
2.4	 0.92 34.12737536242709	 0.17062532442808534
2.4	 0.93 35.004128103078365	 0.1750199475306572
2.4	 0.94 34.886407862933915	 0.1744310025200353
2.4	 0.95 35.49229753246854	 0.1774269507464992
2.4	 0.96 35.637031659221606	 0.17817902278175404
2.4	 0.97 36.16686747106039	 0.18083275477819127
2.4	 0.98 36.59633921233671	 0.18297805664943328
2.4	 0.99 19.078364885789462	 0.09539136328836652
2.4	 1.0 0.0	 0.0
2.5	 -1.0 0.0	 0.0
2.5	 -0.99 1.7647802990836603	 0.009999173824460762
2.5	 -0.98 4.065315323801006	 0.020325846090714233
2.5	 -0.97 5.046657789949186	 0.025232291283237084
2.5	 -0.96 5.497909577743291	 0.027482601391580964
2.5	 -0.95 5.732808103245228	 0.028657300617420986
2.5	 -0.94 5.936997468607956	 0.029681260854547892
2.5	 -0.93 6.163170714818895	 0.030762201272763027
2.5	 -0.92 7.986775944720344	 0.039931488531216135
2.5	 -0.91 8.470486605702511	 0.042351643412760154
2.5	 -0.9 8.947023018194907	 0.044727637810534335
2.5	 -0.8 11.340455311602412	 0.05669375817445578
2.5	 -0.7 14.679360388155349	 0.07338794165769513
2.5	 -0.6 16.53749555968988	 0.08268605279735239
2.5	 -0.5 18.16654818139733	 0.09082770890045512
2.5	 -0.4 19.60096306210702	 0.09796772372151391
2.5	 -0.3 20.95394632866474	 0.10476429034865764
2.5	 -0.2 22.158798224334774	 0.11065933729038208
2.5	 -0.1 23.295589217356973	 0.11647773178959032
2.5	 0.0 24.38724844248375	 0.12191892199486361
2.5	 0.1 25.4877017415635	 0.12743458811390904
2.5	 0.2 26.566049201916975	 0.13281939595441125
2.5	 0.3 27.441925094146306	 0.13718760805848432
2.5	 0.4 28.505968020245135	 0.14252756843559172
2.5	 0.5 29.69500310141599	 0.1484711865987881
2.5	 0.6 30.529813339386088	 0.1526168798956295
2.5	 0.7 29.27778067020529	 0.14636665376865698
2.5	 0.8 33.463875891621825	 0.1673062890703229
2.5	 0.9 33.6218024044696	 0.16807561043450683
2.5	 0.91 33.91183203804185	 0.16955147586450608
2.5	 0.92 34.12737536242709	 0.17062532442808534
2.5	 0.93 35.004128103078365	 0.1750199475306572
2.5	 0.94 34.886407862933915	 0.1744310025200353
2.5	 0.95 35.49229753246854	 0.1774269507464992
2.5	 0.96 35.637031659221606	 0.17817902278175404
2.5	 0.97 36.16686747106039	 0.18083275477819127
2.5	 0.98 36.59633921233671	 0.18297805664943328
2.5	 0.99 18.563437720176587	 0.09281624516283508
2.5	 1.0 0.0	 0.0
2.6	 -1.0 0.0	 0.0
2.6	 -0.99 1.7647802990836603	 0.009999173824460762
2.6	 -0.98 3.982737441469013	 0.019909642742927162
2.6	 -0.97 4.9457469084825725	 0.0247285778098778
2.6	 -0.96 5.430453508477979	 0.02715041275749347
2.6	 -0.95 5.676821595527798	 0.028376377129519594
2.6	 -0.94 5.887535524285584	 0.029432224985116724
2.6	 -0.93 6.118541988864897	 0.030555812417387886
2.6	 -0.92 7.803598043309407	 0.03900736153233423
2.6	 -0.91 8.309826762292639	 0.0415424608846752
2.6	 -0.9 8.75104064465817	 0.043733604414222846
2.6	 -0.8 11.234419486464972	 0.05617039907857749
2.6	 -0.7 14.422192231163306	 0.07206189083859073
2.6	 -0.6 16.319118526553517	 0.08159055211558117
2.6	 -0.5 17.98125805139239	 0.08990622412175953
2.6	 -0.4 19.388323840562034	 0.09692674346385373
2.6	 -0.3 20.794753184714157	 0.10396871620762273
2.6	 -0.2 21.986784475243727	 0.1098742714200067
2.6	 -0.1 23.117680635173144	 0.11556841592654359
2.6	 0.0 24.222031030958075	 0.12110023206666158
2.6	 0.1 25.332502929435034	 0.12664760691527663
2.6	 0.2 26.431933025801257	 0.1321587874054845
2.6	 0.3 27.36560495277354	 0.13681378542059008
2.6	 0.4 28.385730674820934	 0.1419138423851018
2.6	 0.5 29.582448113325942	 0.14789217967985002
2.6	 0.6 30.492090694548477	 0.15244134486130184
2.6	 0.7 29.27778067020529	 0.14636665376865698
2.6	 0.8 33.41310748286426	 0.16705818626909605
2.6	 0.9 33.6218024044696	 0.16807561043450683
2.6	 0.91 33.91183203804185	 0.16955147586450608
2.6	 0.92 34.12737536242709	 0.17062532442808534
2.6	 0.93 35.004128103078365	 0.1750199475306572
2.6	 0.94 34.886407862933915	 0.1744310025200353
2.6	 0.95 35.49229753246854	 0.1774269507464992
2.6	 0.96 35.637031659221606	 0.17817902278175404
2.6	 0.97 36.16686747106039	 0.18083275477819127
2.6	 0.98 36.59633921233671	 0.18297805664943328
2.6	 0.99 18.563437720176587	 0.09281624516283508
2.6	 1.0 0.0	 0.0
2.7	 -1.0 0.0	 0.0
2.7	 -0.99 1.7647802990836603	 0.009999173824460762
2.7	 -0.98 3.8244227012422445	 0.019117172102135333
2.7	 -0.97 4.830315077612106	 0.02415079907834092
2.7	 -0.96 5.366684471294671	 0.026828505050027943
2.7	 -0.95 5.624363039462633	 0.028110336779651825
2.7	 -0.94 5.841601006846952	 0.029206325223822157
2.7	 -0.93 6.07754521299462	 0.030378769777460308
2.7	 -0.92 7.595069147750438	 0.037974703386769726
2.7	 -0.91 8.016252351191598	 0.040078740710298676
2.7	 -0.9 8.586095764848332	 0.042900690866006175
2.7	 -0.8 11.13521111706728	 0.05567033273972684
2.7	 -0.7 14.242392533179961	 0.07116830157839675
2.7	 -0.6 16.11175930410776	 0.08055207717352363
2.7	 -0.5 17.764080118167893	 0.08881809850428683
2.7	 -0.4 19.195248840709787	 0.09590930155319512
2.7	 -0.3 20.608742138369298	 0.1030044517434869
2.7	 -0.2 21.809378275369518	 0.10902660853528191
2.7	 -0.1 22.950810119732928	 0.1147453877353667
2.7	 0.0 24.065323532648318	 0.1203115204787074
2.7	 0.1 24.9903320367875	 0.12491272451767321
2.7	 0.2 26.29763531003047	 0.13147710322120781
2.7	 0.3 27.23172335331758	 0.13613898472472566
2.7	 0.4 28.27283057393758	 0.14132358415947505
2.7	 0.5 29.483856843908534	 0.14740795754616096
2.7	 0.6 30.45445907780855	 0.1522606285086682
2.7	 0.7 29.27778067020529	 0.14636665376865698
2.7	 0.8 33.3562644934309	 0.16677978970107266
2.7	 0.9 33.6218024044696	 0.16807561043450683
2.7	 0.91 33.91183203804185	 0.16955147586450608
2.7	 0.92 34.12737536242709	 0.17062532442808534
2.7	 0.93 35.004128103078365	 0.1750199475306572
2.7	 0.94 34.886407862933915	 0.1744310025200353
2.7	 0.95 35.49229753246854	 0.1774269507464992
2.7	 0.96 35.637031659221606	 0.17817902278175404
2.7	 0.97 36.16686747106039	 0.18083275477819127
2.7	 0.98 36.59633921233671	 0.18297805664943328
2.7	 0.99 18.563437720176587	 0.09281624516283508
2.7	 1.0 0.0	 0.0
2.8	 -1.0 0.0	 0.0
2.8	 -0.99 1.7647802990836603	 0.009999173824460762
2.8	 -0.98 3.783159854414836	 0.018915667715884484
2.8	 -0.97 4.715944497917673	 0.023578578245555287
2.8	 -0.96 5.306158594540824	 0.0265281694047716
2.8	 -0.95 5.574984074825923	 0.027868925563968194
2.8	 -0.94 5.798180293077779	 0.028987683106260986
2.8	 -0.93 6.039444492700625	 0.03016741308566421
2.8	 -0.92 7.505356874576196	 0.03751376887495599
2.8	 -0.91 7.9368905103218506	 0.03967517551262976
2.8	 -0.9 8.320825312135831	 0.04157496995359541
2.8	 -0.8 11.041486159005936	 0.05520111153948688
2.8	 -0.7 13.979940532131074	 0.069851188358995
2.8	 -0.6 15.914958344104422	 0.0795692081834986
2.8	 -0.5 17.59139413541751	 0.08794866623564208
2.8	 -0.4 19.01457102649782	 0.09505945002375521
2.8	 -0.3 20.435055564419066	 0.10217359525906501
2.8	 -0.2 21.643778225675756	 0.10814602729257675
2.8	 -0.1 22.79492883476158	 0.11393657231186198
2.8	 0.0 23.918863737079477	 0.11958576894099221
2.8	 0.1 24.91720244645351	 0.12457941907884221
2.8	 0.2 26.167284413416112	 0.1308303119090196
2.8	 0.3 27.174234962255767	 0.13586736210220113
2.8	 0.4 28.165258604224643	 0.14074876855471127
2.8	 0.5 29.38763913926834	 0.1469005564738637
2.8	 0.6 30.41525427249798	 0.15204521042145597
2.8	 0.7 29.27778067020529	 0.14636665376865698
2.8	 0.8 33.30205889150776	 0.16650984422203716
2.8	 0.9 33.6218024044696	 0.16807561043450683
2.8	 0.91 33.91183203804185	 0.16955147586450608
2.8	 0.92 34.12737536242709	 0.17062532442808534
2.8	 0.93 35.004128103078365	 0.1750199475306572
2.8	 0.94 34.886407862933915	 0.1744310025200353
2.8	 0.95 35.49229753246854	 0.1774269507464992
2.8	 0.96 35.637031659221606	 0.17817902278175404
2.8	 0.97 36.16686747106039	 0.18083275477819127
2.8	 0.98 36.59633921233671	 0.18297805664943328
2.8	 0.99 18.563437720176587	 0.09281624516283508
2.8	 1.0 0.0	 0.0
2.9	 -1.0 0.0	 0.0
2.9	 -0.99 1.7647802990836603	 0.009999173824460762
2.9	 -0.98 3.7389216922472666	 0.018692555305535402
2.9	 -0.97 4.509242769465099	 0.022545555609258337
2.9	 -0.96 5.248003220460837	 0.026235148307856924
2.9	 -0.95 5.528401213446569	 0.02763807063935693
2.9	 -0.94 5.757402887758231	 0.028782098453552427
2.9	 -0.93 6.002720999629585	 0.029994106567180247
2.9	 -0.92 7.3900239290577465	 0.03694844768027249
2.9	 -0.91 7.851798604708687	 0.03925087532684934
2.9	 -0.9 8.24488228289235	 0.04120279556398411
2.9	 -0.8 10.95413543114288	 0.0547662566888771
2.9	 -0.7 13.838676832518402	 0.06917188231336037
2.9	 -0.6 15.746976904780817	 0.078730709194182
2.9	 -0.5 17.41810398087473	 0.08708145983025328
2.9	 -0.4 18.83463838722033	 0.0941574645138982
2.9	 -0.3 20.260183151300122	 0.10124374558575956
2.9	 -0.2 21.488067926524018	 0.10734859488699705
2.9	 -0.1 22.649938314405073	 0.1132250394683389
2.9	 0.0 23.783253554368546	 0.11890810699551088
2.9	 0.1 24.842534367749547	 0.12420686263058553
2.9	 0.2 26.051921642831356	 0.13024501995421026
2.9	 0.3 27.122224744579476	 0.13555631617668112
2.9	 0.4 28.063909024440115	 0.14019395442560367
2.9	 0.5 29.29707573854582	 0.14646997660279698
2.9	 0.6 30.375893296756278	 0.15186146784617335
2.9	 0.7 29.27778067020529	 0.14636665376865698
2.9	 0.8 33.24417862599759	 0.16620921552894413
2.9	 0.9 33.6218024044696	 0.16807561043450683
2.9	 0.91 33.91183203804185	 0.16955147586450608
2.9	 0.92 34.12737536242709	 0.17062532442808534
2.9	 0.93 35.004128103078365	 0.1750199475306572
2.9	 0.94 34.886407862933915	 0.1744310025200353
2.9	 0.95 35.49229753246854	 0.1774269507464992
2.9	 0.96 35.637031659221606	 0.17817902278175404
2.9	 0.97 36.16686747106039	 0.18083275477819127
2.9	 0.98 36.59633921233671	 0.18297805664943328
2.9	 0.99 18.563437720176587	 0.09281624516283508
2.9	 1.0 0.0	 0.0
3.0	 -1.0 0.0	 0.0
3.0	 -0.99 1.7647802990836603	 0.009999173824460762
3.0	 -0.98 3.6838158318753935	 0.018413800427310268
3.0	 -0.97 4.478154838614401	 0.02239053179440994
3.0	 -0.96 5.192906353538059	 0.025962764755818504
3.0	 -0.95 5.484542903350813	 0.02741459722776417
3.0	 -0.94 5.719597951883255	 0.028596803436267686
3.0	 -0.93 5.9688457127882755	 0.029832504551364148
3.0	 -0.92 7.286548355257467	 0.036421672828216956
3.0	 -0.91 7.668753411959898	 0.038339457468017965
3.0	 -0.9 7.95040258580116	 0.039748696527230565
3.0	 -0.8 10.871247679526848	 0.05435303028565128
3.0	 -0.7 13.703556945105401	 0.0684762541691886
3.0	 -0.6 15.563324328191811	 0.07780467773668652
3.0	 -0.5 17.25493339874317	 0.08626998408742724
3.0	 -0.4 18.692252097423246	 0.09342291771708353
3.0	 -0.3 20.125366068698103	 0.1006191962234773
3.0	 -0.2 21.3497868915529	 0.10662231582316838
3.0	 -0.1 22.512193514501433	 0.11253688038741531
3.0	 0.0 23.65179497311196	 0.1182512750940178
3.0	 0.1 24.762457962165467	 0.12378014012367465
3.0	 0.2 25.935213853549733	 0.12962105473363064
3.0	 0.3 26.984146452330876	 0.13489051198594462
3.0	 0.4 27.970424807697743	 0.13982890841510856
3.0	 0.5 29.21050833278086	 0.14602764424038478
3.0	 0.6 30.33434330728507	 0.1516463516376311
3.0	 0.7 29.27778067020529	 0.14636665376865698
3.0	 0.8 33.193015303185106	 0.16595195761269102
3.0	 0.9 33.6218024044696	 0.16807561043450683
3.0	 0.91 33.91183203804185	 0.16955147586450608
3.0	 0.92 34.12737536242709	 0.17062532442808534
3.0	 0.93 35.004128103078365	 0.1750199475306572
3.0	 0.94 34.886407862933915	 0.1744310025200353
3.0	 0.95 35.49229753246854	 0.1774269507464992
3.0	 0.96 35.637031659221606	 0.17817902278175404
3.0	 0.97 36.16686747106039	 0.18083275477819127
3.0	 0.98 36.59633921233671	 0.18297805664943328
3.0	 0.99 18.563437720176587	 0.09281624516283508
3.0	 1.0 0.0	 0.0
