1.e-8			0.06638694587
1.0115794542598983e-8	0.06705855374
1.0232929922807536e-8	0.0677378806
1.035142166679343e-8	0.06842501485
1.0471285480508984e-8	0.06912004502
1.0592537251772898e-8	0.06982306147
1.071519305237607e-8	0.07053415527
1.0839269140212039e-8	0.07125341846
1.0964781961431851e-8	0.07198094419
1.1091748152624008e-8	0.07271682686
1.122018454301963e-8	0.07346116126
1.1350108156723143e-8	0.07421404417
1.1481536214968817e-8	0.07497557256
1.1614486138403438e-8	0.0757458451
1.1748975549395302e-8	0.07652496146
1.188502227437019e-8	0.07731302234
1.202264434617413e-8	0.07811012949
1.2161860006463679e-8	0.0789163858
1.2302687708123811e-8	0.07973189552
1.2445146117713843e-8	0.08055676392
1.2589254117941661e-8	0.08139109726
1.273503081016663e-8	0.08223500353
1.288249551693135e-8	0.0830885914
1.3031667784523e-8	0.0839519709
1.3182567385564074e-8	0.08482525354
1.333521432163324e-8	0.08570855175
1.3489628825916533e-8	0.08660197929
1.3645831365889238e-8	0.08750565117
1.3803842646028838e-8	0.08841968401
1.3963683610559363e-8	0.08934419548
1.4125375446227554e-8	0.09027930426
1.4288939585111037e-8	0.09122513066
1.4454397707459279e-8	0.09218179656
1.4621771744567183e-8	0.09314942491
1.4791083881682072e-8	0.09412813968
1.4962356560944326e-8	0.09511806743
1.5135612484362072e-8	0.09611933448
1.5310874616820288e-8	0.09713206977
1.5488166189124828e-8	0.09815640317
1.5667510701081502e-8	0.09919246616
1.5848931924611143e-8	0.1002403918
1.603245390690042e-8	0.101300314
1.6218100973589297e-8	0.102372369
1.6405897731995386e-8	0.1034566943
1.6595869074375597e-8	0.1045534283
1.6788040181225588e-8	0.1056627118
1.698243652461746e-8	0.1067846866
1.7179083871575893e-8	0.1079194964
1.7378008287493763e-8	0.1090672861
1.757923613958693e-8	0.1102282028
1.7782794100389228e-8	0.1114023945
1.7988709151287873e-8	0.1125900113
1.8197008586099826e-8	0.1137912051
1.8407720014689545e-8	0.115006129
1.8620871366628656e-8	0.1162349379
1.883649089489802e-8	0.1174777889
1.9054607179632482e-8	0.1187348406
1.9275249131909366e-8	0.1200062527
1.9498445997580454e-8	0.1212921874
1.9724227361148536e-8	0.1225928086
1.9952623149688786e-8	0.1239082818
2.0183663636815598e-8	0.1252387743
2.0417379446695274e-8	0.1265844554
2.065380155810531e-8	0.1279454964
2.0892961308540408e-8	0.1293220699
2.1134890398366476e-8	0.1307143509
2.1379620895022325e-8	0.1321225165
2.16271852372702e-8	0.1335467451
2.1877616239495518e-8	0.1349872174
2.2130947096056363e-8	0.1364441162
2.2387211385683378e-8	0.1379176261
2.264644307593062e-8	0.1394079341
2.2908676527677746e-8	0.1409152284
2.31739464996848e-8	0.1424397004
2.3442288153199228e-8	0.1439815427
2.371373705661655e-8	0.14554095
2.3988329190194897e-8	0.1471181201
2.4266100950824142e-8	0.148713252
2.4547089156850285e-8	0.150326547
2.4831331052955678e-8	0.151958209
2.511886431509582e-8	0.1536084437
2.5409727055493065e-8	0.1552774592
2.5703957827688646e-8	0.1569654662
2.600159563165272e-8	0.1586726773
2.6302679918953814e-8	0.1603993074
2.6607250597988087e-8	0.1621455737
2.691534803926914e-8	0.1639116963
2.72270130807791e-8	0.165697897
2.754228703338169e-8	0.1675044005
2.7861211686297723e-8	0.1693314335
2.818382931264455e-8	0.1711792256
2.8510182675039096e-8	0.1730480088
2.8840315031266057e-8	0.1749380173
2.9174270140011658e-8	0.1768494883
2.951209226666384e-8	0.178782661
2.985382618917957e-8	0.1807377779
3.0199517204020194e-8	0.1827150834
3.0549211132155155e-8	0.1847148251
3.090295432513592e-8	0.1867372531
3.126079367123956e-8	0.18878262
3.162277660168379e-8	0.1908511816
3.198895109691397e-8	0.1929431956
3.235936569296281e-8	0.1950589237
3.27340694878838e-8	0.1971986294
3.311311214825908e-8	0.1993625794
3.3496543915782795e-8	0.2015510436
3.388441561392027e-8	0.2037642941
3.427677865464505e-8	0.2060026068
3.4673685045253164e-8	0.2082662595
3.507518739525679e-8	0.2105555341
3.548133892335753e-8	0.2128707148
3.58921934645005e-8	0.2152120893
3.6307805477010175e-8	0.2175799479
3.67282300498085e-8	0.2199745845
3.715352290971728e-8	0.2223962959
3.7583740428844434e-8	0.2248453821
3.8018939632056126e-8	0.2273221465
3.845917820453535e-8	0.2298268955
3.890451449942805e-8	0.2323599391
3.935500754557772e-8	0.2349215903
3.981071705534969e-8	0.2375121657
4.027170343254595e-8	0.2401319851
4.07380277804113e-8	0.2427813719
4.120975190973304e-8	0.2454606529
4.168693834703355e-8	0.2481701585
4.2169650342858225e-8	0.2509102223
4.265795188015925e-8	0.253681182
4.31519076827765e-8	0.2564833785
4.3651583224016566e-8	0.2593171565
4.415704473533121e-8	0.2621828644
4.4668359215096346e-8	0.2650808543
4.518559443749226e-8	0.2680114822
4.570881896148752e-8	0.2709751077
4.623810213992603e-8	0.2739720943
4.6773514128719815e-8	0.2770028096
4.731512589614803e-8	0.2800676249
4.78630092322638e-8	0.2831669156
4.841723675840999e-8	0.2863010609
4.8977881936844667e-8	0.2894704445
4.9545019080479056e-8	0.2926754539
5.011872336272725e-8	0.2959164808
5.069907082747044e-8	0.299193921
5.128613839913648e-8	0.3025081748
5.188000389289609e-8	0.3058596465
5.248074602497723e-8	0.309248745
5.3088444423098795e-8	0.3126758834
5.3703179637025324e-8	0.3161414793
5.432503314924336e-8	0.3196459549
5.495408738576248e-8	0.3231897367
5.559042572704037e-8	0.3267732559
5.6234132519034905e-8	0.3303969484
5.688529308438413e-8	0.3340612548
5.7543993733715665e-8	0.3377666202
5.82103217770871e-8	0.3415134948
5.8884365535558836e-8	0.3453023335
5.95662143529011e-8	0.3491335962
6.025595860743581e-8	0.3530077475
6.095368972401694e-8	0.3569252574
6.165950018614822e-8	0.3608866007
6.237348354824192e-8	0.3648922576
6.30957344480193e-8	0.3689427131
6.382634861905482e-8	0.3730384579
6.456542290346562e-8	0.3771799877
6.531305526474729e-8	0.3813678039
6.606934480075964e-8	0.385602413
6.683439175686149e-8	0.3898843273
6.760829753919818e-8	0.3942140645
6.839116472814293e-8	0.3985921482
6.918309709189362e-8	0.4030191075
6.998419960022731e-8	0.4074954774
7.079457843841373e-8	0.4120217988
7.161434102129027e-8	0.4165986185
7.244359600749906e-8	0.4212264892
7.328245331389045e-8	0.4259059701
7.413102413009177e-8	0.4306376261
7.498942093324559e-8	0.4354220287
7.585775750291836e-8	0.4402597556
7.673614893618186e-8	0.445151391
7.762471166286912e-8	0.4500975255
7.85235634610071e-8	0.4550987566
7.943282347242822e-8	0.4601556881
8.035261221856178e-8	0.4652689308
8.128305161640995e-8	0.4704391024
8.222426499470712e-8	0.4756668277
8.317637711026709e-8	0.4809527381
8.413951416451947e-8	0.4862974728
8.511380382023759e-8	0.4917016779
8.609937521846017e-8	0.497166007
8.709635899560814e-8	0.502691121
8.810488730080147e-8	0.5082776889
8.912509381337459e-8	0.5139263869
9.01571137605957e-8	0.5196378993
9.120108393559096e-8	0.5254129184
9.225714271547629e-8	0.5312521445
9.332543007969905e-8	0.537156286
9.440608762859226e-8	0.5431260599
9.549925860214369e-8	0.5491621916
9.660508789898141e-8	0.5552654148
9.772372209558111e-8	0.5614364725
9.885530946569391e-8	0.5676761161
1.e-7			0.5739851064
1.0115794542598983e-7	0.5803642132
1.0232929922807536e-7	0.5868142156
1.0351421666793451e-7	0.5933359014
1.0471285480508985e-7	0.5999300674
1.0592537251772897e-7	0.6065975191
1.0715193052376071e-7	0.6133390709
1.0839269140212038e-7	0.6201555464
1.0964781961431852e-7	0.6270477783
1.1091748152624009e-7	0.6340166085
1.122018454301963e-7	0.6410628883
1.1350108156723144e-7	0.6481874784
1.148153621496884e-7	0.6553912492
1.1614486138403415e-7	0.6626750806
1.1748975549395303e-7	0.6700398625
1.188502227437019e-7	0.6774864944
1.2022644346174132e-7	0.6850158861
1.216186000646368e-7	0.6926289573
1.2302687708123812e-7	0.700326638
1.2445146117713845e-7	0.7081098686
1.2589254117941662e-7	0.7159795997
1.2735030810166629e-7	0.7239367928
1.2882495516931348e-7	0.7319824198
1.3031667784523e-7	0.7401174637
1.3182567385564074e-7	0.7483429181
1.333521432163324e-7	0.7566597879
1.3489628825916533e-7	0.765069089
1.3645831365889239e-7	0.7735718487
1.3803842646028865e-7	0.7821691056
1.3963683610559362e-7	0.79086191
1.4125375446227555e-7	0.7996513237
1.4288939585111036e-7	0.8085384204
1.445439770745928e-7	0.8175242859
1.4621771744567184e-7	0.8266100176
1.479108388168207e-7	0.8357967256
1.4962356560944328e-7	0.8450855321
1.5135612484362072e-7	0.8544775717
1.531087461682032e-7	0.8639739917
1.5488166189124795e-7	0.8735759523
1.56675107010815e-7	0.8832846263
1.584893192461114e-7	0.8931011997
1.6032453906900417e-7	0.9030268718
1.6218100973589298e-7	0.9130628549
1.6405897731995388e-7	0.9232103751
1.6595869074375596e-7	0.9334706719
1.6788040181225588e-7	0.9438449987
1.6982436524617461e-7	0.9543346229
1.7179083871575893e-7	0.9649408257
1.7378008287493765e-7	0.9756649029
1.757923613958693e-7	0.9865081643
1.7782794100389227e-7	0.9974719347
1.7988709151287873e-7	1.008557553
1.8197008586099824e-7	1.019766374
1.8407720014689581e-7	1.031099767
1.8620871366628656e-7	1.042559116
1.883649089489802e-7	1.054145821
1.9054607179632483e-7	1.065861297
1.9275249131909366e-7	1.077706975
1.9498445997580455e-7	1.089684303
1.9724227361148534e-7	1.101794744
1.9952623149688787e-7	1.114039776
2.0183663636815597e-7	1.126420897
2.0417379446695318e-7	1.138939617
2.065380155810527e-7	1.151597458
2.0892961308540409e-7	1.164395971
2.1134890398366478e-7	1.177336736
2.1379620895022324e-7	1.190421326
2.16271852372702e-7	1.203651334
2.187761623949552e-7	1.217028374
2.2130947096056366e-7	1.230554078
2.2387211385683377e-7	1.244230096
2.2646443075930618e-7	1.258058109
2.2908676527677748e-7	1.272039811
2.3173946499684798e-7	1.286176896
2.3442288153199228e-7	1.30047109
2.3713737056616554e-7	1.314924149
2.39883291901949e-7	1.329537844
2.4266100950824146e-7	1.344313945
2.4547089156850336e-7	1.359254257
2.4831331052955676e-7	1.374360616
2.5118864315095823e-7	1.38963487
2.5409727055493065e-7	1.405078873
2.570395782768865e-7	1.420694509
2.6001595631652723e-7	1.436483696
2.6302679918953816e-7	1.452448369
2.6607250597988083e-7	1.468590463
2.691534803926914e-7	1.484911948
2.7227013080779154e-7	1.50141483
2.754228703338163e-7	1.518101129
2.786121168629772e-7	1.534972868
2.818382931264455e-7	1.552032108
2.8510182675039097e-7	1.569280944
2.8840315031266057e-7	1.586721488
2.917427014001166e-7	1.604355854
2.951209226666384e-7	1.622186196
2.9853826189179574e-7	1.640214704
3.019951720402019e-7	1.658443586
3.0549211132155155e-7	1.676875051
3.090295432513592e-7	1.69551135
3.126079367123956e-7	1.714354772
3.162277660168379e-7	1.733407626
3.1988951096913974e-7	1.75267222
3.235936569296281e-7	1.772150907
3.273406948788386e-7	1.791846079
3.311311214825908e-7	1.811760149
3.3496543915782793e-7	1.83189553
3.3884415613920274e-7	1.852254682
3.4276778654645045e-7	1.872840104
3.4673685045253164e-7	1.893654319
3.5075187395256796e-7	1.914699848
3.548133892335753e-7	1.935979263
3.5892193464500496e-7	1.957495176
3.6307805477010174e-7	1.979250223
3.6728230049808425e-7	2.001247041
3.715352290971728e-7	2.023488316
3.7583740428844433e-7	2.045976779
3.8018939632056126e-7	2.068715185
3.845917820453535e-7	2.091706291
3.890451449942805e-7	2.114952904
3.9355007545577724e-7	2.138457878
3.981071705534969e-7	2.162224093
4.027170343254595e-7	2.18625443
4.0738027780411303e-7	2.210551823
4.1209751909733043e-7	2.235119255
4.168693834703355e-7	2.259959738
4.2169650342858225e-7	2.28507628
4.2657951880159254e-7	2.310471951
4.31519076827765e-7	2.336149867
4.365158322401665e-7	2.362113175
4.415704473533121e-7	2.388365021
4.466835921509635e-7	2.414908612
4.5185594437492265e-7	2.441747207
4.5708818961487516e-7	2.468884094
4.6238102139926035e-7	2.496322562
4.677351412871981e-7	2.524065961
4.7315125896148026e-7	2.552117699
4.78630092322638e-7	2.580481212
4.841723675840999e-7	2.609159938
4.897788193684457e-7	2.638157379
4.954501908047906e-7	2.667477096
5.011872336272725e-7	2.697122681
5.069907082747045e-7	2.727097727
5.128613839913648e-7	2.757405894
5.18800038928961e-7	2.788050905
5.248074602497723e-7	2.819036513
5.308844442309879e-7	2.850366473
5.370317963702533e-7	2.882044613
5.432503314924336e-7	2.914074822
5.495408738576248e-7	2.946461024
5.559042572704038e-7	2.979207144
5.62341325190349e-7	3.012317182
5.688529308438413e-7	3.045795202
5.754399373371567e-7	3.079645307
5.821032177708722e-7	3.113871599
5.888436553555884e-7	3.148478258
5.956621435290109e-7	3.183469533
6.025595860743581e-7	3.218849711
6.095368972401694e-7	3.254623081
6.165950018614822e-7	3.290794011
6.237348354824191e-7	3.327366942
6.30957344480193e-7	3.364346355
6.382634861905483e-7	3.401736733
6.456542290346562e-7	3.43954264
6.531305526474716e-7	3.47776872
6.606934480075964e-7	3.516419656
6.683439175686149e-7	3.555500133
6.760829753919819e-7	3.595014922
6.839116472814293e-7	3.634968876
6.918309709189363e-7	3.67536689
6.99841996002273e-7	3.716213859
7.079457843841374e-7	3.757514774
7.161434102129027e-7	3.799274704
7.244359600749906e-7	3.841498766
7.328245331389045e-7	3.884192078
7.413102413009177e-7	3.927359853
7.498942093324558e-7	3.971007392
7.585775750291836e-7	4.015140042
7.673614893618186e-7	4.059763153
7.762471166286927e-7	4.104882173
7.85235634610071e-7	4.150502644
7.943282347242822e-7	4.196630154
8.035261221856178e-7	4.243270293
8.128305161640995e-7	4.290428758
8.222426499470712e-7	4.33811134
8.317637711026709e-7	4.386323879
8.413951416451948e-7	4.43507222
8.511380382023759e-7	4.484362315
8.609937521846016e-7	4.534200218
8.709635899560796e-7	4.584592033
8.810488730080147e-7	4.635543869
8.912509381337459e-7	4.687061948
9.01571137605957e-7	4.739152595
9.120108393559096e-7	4.791822193
9.225714271547628e-7	4.845077125
9.332543007969905e-7	4.898923894
9.440608762859226e-7	4.953369114
9.549925860214369e-7	5.008419453
9.660508789898142e-7	5.064081584
9.77237220955811e-7	5.120362305
9.885530946569391e-7	5.177268526
1.e-6			5.23480722
1.0115794542598983e-6	5.29298536
1.0232929922807537e-6	5.35181005
1.035142166679345e-6	5.411288514
1.0471285480508985e-6	5.471428039
1.0592537251772898e-6	5.532235913
1.071519305237607e-6	5.593719564
1.083926914021204e-6	5.65588654
1.096478196143185e-6	5.718744458
1.109174815262401e-6	5.782300935
1.122018454301963e-6	5.846563735
1.1350108156723143e-6	5.911540747
1.148153621496884e-6	5.977239933
1.1614486138403415e-6	6.043669254
1.1748975549395304e-6	6.110836824
1.1885022274370189e-6	6.17875089
1.2022644346174132e-6	6.247419773
1.2161860006463678e-6	6.316851795
1.2302687708123811e-6	6.387055436
1.2445146117713868e-6	6.458039315
1.2589254117941661e-6	6.52981213
1.2735030810166629e-6	6.602382578
1.2882495516931322e-6	6.675759523
1.3031667784523e-6	6.749951975
1.3182567385564074e-6	6.824969024
1.333521432163324e-6	6.900819761
1.3489628825916533e-6	6.977513448
1.3645831365889239e-6	7.055059505
1.3803842646028865e-6	7.133467432
1.3963683610559361e-6	7.21274673
1.4125375446227554e-6	7.292907082
1.4288939585111036e-6	7.373958331
1.445439770745928e-6	7.455910407
1.4621771744567182e-6	7.538773243
1.479108388168207e-6	7.622556957
1.4962356560944358e-6	7.707271838
1.5135612484362072e-6	7.792928265
1.531087461682032e-6	7.879536619
1.5488166189124796e-6	7.967107476
1.5667510701081502e-6	8.055651591
1.584893192461114e-6	8.14517981
1.6032453906900418e-6	8.235702985
1.6218100973589298e-6	8.32723217
1.6405897731995388e-6	8.419778604
1.659586907437563e-6	8.513353626
1.678804018122559e-6	8.607968577
1.698243652461746e-6	8.703635011
1.717908387157586e-6	8.800364676
1.7378008287493763e-6	8.898169422
1.757923613958693e-6	8.997061103
1.778279410038923e-6	9.097051796
1.7988709151287874e-6	9.198153778
1.8197008586099826e-6	9.300379438
1.8407720014689583e-6	9.403741163
1.8620871366628656e-6	9.508251576
1.883649089489802e-6	9.613923512
1.9054607179632483e-6	9.720769916
1.9275249131909367e-6	9.828803737
1.9498445997580454e-6	9.938038169
1.9724227361148533e-6	10.04848663
1.995262314968883e-6	10.16016264
2.0183663636815596e-6	10.27307974
2.0417379446695316e-6	10.38725172
2.065380155810527e-6	10.50269261
2.0892961308540407e-6	10.61941653
2.113489039836648e-6	10.73743765
2.1379620895022326e-6	10.85677036
2.1627185237270203e-6	10.97742934
2.1877616239495517e-6	11.09942935
2.213094709605641e-6	11.22278518
2.2387211385683376e-6	11.34751191
2.2646443075930618e-6	11.47362483
2.29086765276777e-6	11.60113942
2.3173946499684797e-6	11.73007111
2.3442288153199226e-6	11.86043566
2.3713737056616552e-6	11.99224907
2.3988329190194897e-6	12.12552749
2.4266100950824143e-6	12.26028707
2.4547089156850335e-6	12.39654428
2.483133105295568e-6	12.53431584
2.5118864315095823e-6	12.67361863
2.5409727055493067e-6	12.81446954
2.5703957827688647e-6	12.95688576
2.6001595631652723e-6	13.10088478
2.6302679918953817e-6	13.24648426
2.660725059798814e-6	13.39370182
2.6915348039269138e-6	13.54255545
2.7227013080779155e-6	13.69306343
2.7542287033381634e-6	13.8452442
2.7861211686297724e-6	13.99911621
2.818382931264455e-6	14.15469823
2.85101826750391e-6	14.31200938
2.884031503126606e-6	14.47106893
2.917427014001166e-6	14.63189616
2.95120922666639e-6	14.79451071
2.9853826189179572e-6	14.95893254
3.0199517204020193e-6	15.1251818
3.0549211132155093e-6	15.29327864
3.090295432513592e-6	15.46324359
3.126079367123956e-6	15.63509751
3.162277660168379e-6	15.80886147
3.1988951096913973e-6	15.98455652
3.235936569296281e-6	16.16220411
3.273406948788386e-6	16.34182607
3.3113112148259077e-6	16.52344439
3.3496543915782793e-6	16.70708109
3.3884415613920275e-6	16.8927586
3.4276778654645047e-6	17.08049971
3.467368504525317e-6	17.27032743
3.5075187395256794e-6	17.46226476
3.5481338923357606e-6	17.65633514
3.5892193464500497e-6	17.85256241
3.6307805477010175e-6	18.0509706
3.6728230049808424e-6	18.25158375
3.7153522909717276e-6	18.45442638
3.7583740428844434e-6	18.65952338
3.801893963205613e-6	18.86689988
3.845917820453535e-6	19.07658102
3.890451449942805e-6	19.2885924
3.93550075455778e-6	19.50296006
3.981071705534969e-6	19.71971026
4.027170343254595e-6	19.93886926
4.073802778041122e-6	20.16046384
4.120975190973304e-6	20.38452119
4.168693834703355e-6	20.61106879
4.216965034285822e-6	20.84013407
4.265795188015926e-6	21.07174501
4.31519076827765e-6	21.30593005
4.365158322401665e-6	21.54271789
4.41570447353312e-6	21.78213722
4.466835921509635e-6	22.02421728
4.518559443749226e-6	22.26898779
4.570881896148752e-6	22.51647875
4.623810213992603e-6	22.76672014
4.677351412871981e-6	23.01974253
4.731512589614812e-6	23.27557698
4.78630092322638e-6	23.53425484
4.841723675840999e-6	23.79580746
4.897788193684457e-6	24.06026679
4.954501908047905e-6	24.32766528
5.011872336272725e-6	24.59803571
5.0699070827470445e-6	24.87141084
5.128613839913648e-6	25.14782405
5.18800038928961e-6	25.4273093
5.248074602497734e-6	25.7099008
5.308844442309879e-6	25.99563283
5.370317963702533e-6	26.28454026
5.432503314924325e-6	26.57665858
5.4954087385762485e-6	26.87202358
5.559042572704037e-6	27.17067104
5.623413251903491e-6	27.47263744
5.688529308438413e-6	27.77795986
5.754399373371567e-6	28.08667571
5.821032177708722e-6	28.39882239
5.888436553555884e-6	28.71443804
5.956621435290109e-6	29.03356139
6.025595860743581e-6	29.35623156
6.095368972401693e-6	29.68248765
6.165950018614822e-6	30.01236949
6.237348354824191e-6	30.34591759
6.309573444801943e-6	30.68317283
6.382634861905482e-6	31.02417606
6.4565422903465625e-6	31.36896894
6.531305526474716e-6	31.7175938
6.606934480075964e-6	32.07009335
6.683439175686149e-6	32.42651031
6.760829753919819e-6	32.78688821
6.8391164728142925e-6	33.1512713
6.9183097091893625e-6	33.51970422
6.9984199600227456e-6	33.89223163
7.079457843841373e-6	34.268899
7.161434102129027e-6	34.6497526
7.2443596007498914e-6	35.03483908
7.3282453313890446e-6	35.42420512
7.413102413009177e-6	35.81789825
7.498942093324558e-6	36.21596683
7.585775750291836e-6	36.61845962
7.673614893618186e-6	37.0254254
7.762471166286928e-6	37.43691386
7.85235634610071e-6	37.85297554
7.943282347242822e-6	38.2736614
8.035261221856176e-6	38.69902244
8.128305161640995e-6	39.12911058
8.222426499470711e-6	39.56397865
8.31763771102671e-6	40.00367991
8.413951416451965e-6	40.44826766
8.51138038202376e-6	40.89779619
8.609937521846016e-6	41.35232069
8.709635899560797e-6	41.81189685
8.810488730080147e-6	42.27658036
8.91250938133746e-6	42.74642797
9.01571137605957e-6	43.22149737
9.120108393559096e-6	43.70184677
9.225714271547628e-6	44.18753436
9.332543007969925e-6	44.67861947
9.440608762859225e-6	45.1751624
9.549925860214369e-6	45.67722397
9.66050878989812e-6	46.18486502
9.772372209558111e-6	46.69814755
9.88553094656939e-6	47.21713459
0.00001			47.74188971
0.000010115794542598983	48.2724765
0.000010232929922807536	48.80895976
0.000010351421666793451	49.35140536
0.000010471285480508985	49.89987976
0.000010592537251772897	50.45444942
0.00001071519305237607	51.01518206
0.000010839269140212039	51.58214654
0.000010964781961431852	52.1554123
0.00001109174815262401	52.73504883
0.000011220184543019652	53.32112689
0.000011350108156723144	53.91371846
0.000011481536214968841	54.51289613
0.000011614486138403414	55.1187325
0.000011748975549395302	55.73130156
0.00001188502227437019	56.35067853
0.000012022644346174132	56.97693928
0.00001216186000646368	57.6101597
0.00001230268770812381	58.25041711
0.00001244514611771387	58.89779013
0.000012589254117941661	59.55235807
0.000012735030810166629	60.21420023
0.000012882495516931323	60.88339745
0.000013031667784523	61.56003188
0.000013182567385564074	62.24418642
0.00001333521432163324	62.93594397
0.000013489628825916533	63.63538901
0.000013645831365889238	64.3426074
0.000013803842646028866	65.05768579
0.000013963683610559363	65.78071082
0.000014125375446227555	66.51177079
0.000014288939585111037	67.25095545
0.00001445439770745928	67.99835535
0.000014621771744567184	68.75406106
0.000014791083881682072	69.51816486
0.000014962356560944358	70.29076056
0.000015135612484362071	71.0719428
0.00001531087461682032	71.86180624
0.000015488166189124797	72.66044733
0.000015667510701081502	73.46796413
0.00001584893192461114	74.28445554
0.000016032453906900417	75.11002051
0.0000162181009735893	75.94475984
0.000016405897731995387	76.78877602
0.000016595869074375632	77.64217243
0.000016788040181225588	78.50505247
0.00001698243652461746	79.37752152
0.00001717908387157586	80.25968668
0.000017378008287493764	81.15165601
0.00001757923613958693	82.05353759
0.00001778279410038923	82.96544154
0.000017988709151287874	83.88747981
0.000018197008586099827	84.81976534
0.000018407720014689582	85.7624111
0.000018620871366628657	86.71553218
0.00001883649089489802	87.6792456
0.000019054607179632484	88.65366938
0.000019275249131909368	89.63892161
0.000019498445997580456	90.63512257
0.000019724227361148534	91.64239456
0.00001995262314968883	92.66086095
0.000020183663636815596	93.69064516
0.000020417379446695318	94.73187289
0.00002065380155810527	95.78467198
0.00002089296130854041	96.84917138
0.000021134890398366476	97.92550005
0.000021379620895022323	99.0137894
0.000021627185237270203	100.114173
0.00002187761623949552	101.2267857
0.00002213094709605641	102.3517623
0.00002238721138568338	103.48924
0.00002264644307593062	104.6393586
0.0000229086765276777	105.8022588
0.000023173946499684798	106.9780817
0.00002344228815319923	108.1669706
0.000023713737056616554	109.3690716
0.0000239883291901949	110.5845319
0.000024266100950824144	111.8134987
0.000024547089156850336	113.056122
0.00002483133105295568	114.3125545
0.000025118864315095822	115.5829499
0.000025409727055493064	116.8674621
0.000025703957827688645	118.166248
0.00002600159563165272	119.479467
0.000026302679918953814	120.8072799
0.00002660725059798814	122.1498475
0.00002691534803926914	123.5073337
0.000027227013080779155	124.8799052
0.000027542287033381633	126.26773
0.000027861211686297722	127.6709762
0.00002818382931264455	129.0898152
0.000028510182675039097	130.524421
0.000028840315031266056	131.9749693
0.00002917427014001166	133.4416358
0.0000295120922666639	134.9245995
0.00002985382618917957	136.4240425
0.000030199517204020192	137.9401483
0.00003054921113215509	139.4731005
0.00003090295432513592	141.0230863
0.00003126079367123956	142.5902959
0.000031622776601683795	144.1749212
0.000031988951096913973	145.7771539
0.00003235936569296281	147.3971899
0.00003273406948788386	149.0352277
0.000033113112148259076	150.6914679
0.000033496543915782794	152.3661112
0.000033884415613920276	154.0593619
0.00003427677865464505	155.7714278
0.00003467368504525317	157.5025184
0.000035075187395256795	159.2528434
0.0000354813389233576	161.0226163
0.0000358921934645005	162.8120544
0.000036307805477010174	164.6213767
0.000036728230049808425	166.4508022
0.00003715352290971728	168.3005541
0.00003758374042884443	170.1708595
0.000038018939632056124	172.0619472
0.000038459178204535356	173.9740462
0.000038904514499428046	175.9073898
0.0000393550075455778	177.8622151
0.000039810717055349695	179.8387615
0.00004027170343254595	181.8372682
0.00004073802778041122	183.8579789
0.00004120975190973304	185.9011417
0.00004168693834703355	187.9670065
0.00004216965034285822	190.0558234
0.00004265795188015926	192.1678472
0.0000431519076827765	194.303337
0.000043651583224016654	196.462554
0.00004415704473533121	198.6457596
0.00004466835921509635	200.8532201
0.00004518559443749226	203.0852062
0.000045708818961487516	205.341991
0.000046238102139926034	207.6238476
0.00004677351412871981	209.9310543
0.000047315125896148124	212.2638941
0.000047863009232263804	214.6226522
0.00004841723675840999	217.0076142
0.00004897788193684456	219.4190709
0.00004954501908047905	221.8573178
0.00005011872336272725	224.3226533
0.000050699070827470445	226.8153757
0.00005128613839913648	229.3357888
0.000051880003892896095	231.8842016
0.000052480746024977334	234.4609258
0.00005308844442309879	237.0662731
0.000053703179637025325	239.7005611
0.00005432503314924325	242.3641127
0.00005495408738576248	245.0572535
0.00005559042572704037	247.7803094
0.00005623413251903491	250.5336121
0.00005688529308438413	253.3174991
0.000057543993733715664	256.1323107
0.000058210321777087214	258.9783874
0.00005888436553555884	261.8560759
0.000059566214352901096	264.7657288
0.000060255958607435806	267.7077018
0.00006095368972401694	270.6823505
0.00006165950018614822	273.6900374
0.00006237348354824191	276.7311309
0.00006309573444801943	279.8060025
0.00006382634861905483	282.9150241
0.00006456542290346563	286.0585742
0.00006531305526474715	289.2370378
0.00006606934480075965	292.4508033
0.00006683439175686149	295.700259
0.00006760829753919819	298.9858007
0.00006839116472814293	302.3078305
0.00006918309709189363	305.6667543
0.00006998419960022746	309.0629778
0.00007079457843841373	312.4969144
0.00007161434102129028	315.9689846
0.00007244359600749891	319.4796121
0.00007328245331389045	323.0292211
0.00007413102413009176	326.6182436
0.00007498942093324559	330.2471186
0.00007585775750291836	333.9162891
0.00007673614893618186	337.6261982
0.00007762471166286927	341.3772971
0.00007852356346100711	345.1700447
0.00007943282347242822	349.0049039
0.00008035261221856177	352.8823373
0.00008128305161640995	356.8028167
0.00008222426499470712	360.7668213
0.00008317637711026709	364.7748347
0.00008413951416451965	368.8273404
0.0000851138038202376	372.9248311
0.00008609937521846016	377.0678075
0.00008709635899560796	381.2567748
0.00008810488730080147	385.4922381
0.00008912509381337459	389.7747122
0.00009015711376059571	394.1047201
0.00009120108393559096	398.4827896
0.00009225714271547629	402.9094484
0.00009332543007969924	407.3852341
0.00009440608762859227	411.9106933
0.00009549925860214369	416.4863771
0.00009660508789898121	421.1128369
0.00009772372209558111	425.7906342
0.0000988553094656939	430.5203399
0.0001			435.3025298
0.00010115794542598982	440.1377797
0.00010232929922807536	445.0266762
0.00010351421666793431	449.9698156
0.00010471285480509007	454.9677993
0.00010592537251772897	460.0212288
0.0001071519305237607	465.1307166
0.00010839269140212039	470.2968857
0.00010964781961431851	475.5203642
0.00011091748152624009	480.8017801
0.0001122018454301963	486.1417734
0.00011350108156723143	491.5409944
0.0001148153621496884	497.0000993
0.00011614486138403438	502.5197439
0.00011748975549395303	508.1005965
0.00011885022274370189	513.7433364
0.00012022644346174131	519.4486486
0.00012161860006463679	525.2172181
0.0001230268770812381	531.0497427
0.00012445146117713845	536.9469316
0.0001258925411794166	542.9095003
0.00012735030810166628	548.9381639
0.0001288249551693135	555.0336511
0.00013031667784523	561.1967024
0.00013182567385564074	567.4280647
0.0001333521432163324	573.7284848
0.00013489628825916533	580.0987234
0.0001364583136588924	586.5395536
0.00013803842646028838	593.0517552
0.00013963683610559392	599.6361078
0.00014125375446227554	606.2934054
0.00014288939585111037	613.0244553
0.0001445439770745928	619.8300714
0.00014621771744567183	626.7110675
0.00014791083881682073	633.6682725
0.00014962356560944327	640.7025288
0.00015135612484362072	647.8146861
0.00015310874616820318	655.0055937
0.00015488166189124827	662.2761167
0.000156675107010815	669.6271344
0.00015848931924611142	677.0595335
0.0001603245390690042	684.5742004
0.00016218100973589298	692.1720379
0.00016405897731995388	699.8539634
0.00016595869074375596	707.6209023
0.00016788040181225588	715.4737794
0.0001698243652461746	723.4135368
0.00017179083871575893	731.4411317
0.00017378008287493763	739.5575295
0.0001757923613958693	747.7636952
0.00017782794100389227	756.0606114
0.00017988709151287873	764.4492768
0.00018197008586099826	772.9306985
0.00018407720014689544	781.505883
0.00018620871366628695	790.1758553
0.0001883649089489802	798.9416572
0.00019054607179632481	807.8043388
0.00019275249131909367	816.76495
0.00019498445997580456	825.8245597
0.00019724227361148534	834.9842543
0.00019952623149688788	844.245129
0.00020183663636815598	853.6082783
0.00020417379446695317	863.074817
0.0002065380155810531	872.6458776
0.0002089296130854041	882.3226019
0.00021134890398366476	892.106131
0.00021379620895022324	901.9976271
0.00021627185237270202	911.9982706
0.00021877616239495518	922.1092517
0.00022130947096056364	932.3317599
0.00022387211385683424	942.6670062
0.0002264644307593062	953.1162209
0.00022908676527677748	963.6806443
0.00023173946499684798	974.3615158
0.00023442288153199226	985.1600973
0.00023713737056616554	996.0776706
0.000239883291901949	1007.115528
0.00024266100950824144	1018.27496
0.00024547089156850286	1029.557283
0.0002483133105295573	1040.96383
0.0002511886431509582	1052.495947
0.0002540972705549306	1064.15498
0.0002570395782768865	1075.942298
0.0002600159563165272	1087.859289
0.00026302679918953814	1099.907357
0.00026607250597988083	1112.087901
0.0002691534803926914	1124.402346
0.00027227013080779154	1136.852139
0.0002754228703338169	1149.43874
0.0002786121168629772	1162.163604
0.0002818382931264455	1175.028217
0.000285101826750391	1188.034082
0.00028840315031266055	1201.182719
0.0002917427014001166	1214.475644
0.0002951209226666384	1227.9144
0.00029853826189179633	1241.500552
0.0003019951720402019	1255.235681
0.00030549211132155157	1269.121363
0.0003090295432513592	1283.159203
0.0003126079367123956	1297.350831
0.00031622776601683794	1311.697887
0.00031988951096913973	1326.202011
0.0003235936569296281	1340.864872
0.0003273406948788379	1355.688164
0.0003311311214825914	1370.673591
0.00033496543915782794	1385.82286
0.00033884415613920273	1401.137702
0.0003427677865464505	1416.619878
0.0003467368504525317	1432.27116
0.0003507518739525679	1448.093318
0.0003548133892335753	1464.088154
0.000358921934645005	1480.257495
0.0003630780547701018	1496.60318
0.000367282300498085	1513.127049
0.0003715352290971728	1529.830971
0.0003758374042884443	1546.716843
0.00038018939632056124	1563.786575
0.00038459178204535354	1581.042076
0.0003890451449942805	1598.485285
0.00039355007545577726	1616.118171
0.00039810717055349773	1633.942715
0.0004027170343254595	1651.960896
0.00040738027780411304	1670.174728
0.00041209751909733044	1688.586251
0.0004168693834703355	1707.197519
0.00042169650342858224	1726.010586
0.00042657951880159257	1745.027536
0.000431519076827765	1764.250486
0.0004365158322401656	1783.681565
0.000441570447353313	1803.322899
0.0004466835921509635	1823.17665
0.00045185594437492264	1843.245009
0.0004570881896148752	1863.530181
0.00046238102139926034	1884.034369
0.00046773514128719813	1904.759812
0.0004731512589614803	1925.708776
0.00047863009232263805	1946.883545
0.0004841723675840999	1968.286399
0.0004897788193684466	1989.919654
0.0004954501908047905	2011.785656
0.0005011872336272725	2033.886767
0.0005069907082747044	2056.225345
0.0005128613839913648	2078.803787
0.000518800038928961	2101.624516
0.0005248074602497723	2124.689974
0.000530884444230989	2148.002601
0.0005370317963702533	2171.564871
0.0005432503314924337	2195.37929
0.0005495408738576248	2219.448379
0.0005559042572704037	2243.77466
0.0005623413251903491	2268.360687
0.0005688529308438414	2293.209048
0.0005754399373371566	2318.322346
0.0005821032177708709	2343.703182
0.0005888436553555896	2369.354194
0.000595662143529011	2395.278051
0.0006025595860743581	2421.477437
0.0006095368972401694	2447.955037
0.0006165950018614823	2474.713569
0.0006237348354824192	2501.755786
0.000630957344480193	2529.084454
0.0006382634861905482	2556.702338
0.0006456542290346562	2584.612241
0.000653130552647473	2612.816995
0.0006606934480075965	2641.319451
0.0006683439175686149	2670.122456
0.0006760829753919819	2699.228893
0.0006839116472814292	2728.641679
0.0006918309709189362	2758.363743
0.000699841996002273	2788.398015
0.0007079457843841388	2818.747459
0.0007161434102129027	2849.415073
0.0007244359600749906	2880.403868
0.0007328245331389044	2911.716853
0.0007413102413009177	2943.357073
0.0007498942093324559	2975.327603
0.0007585775750291836	3007.631537
0.0007673614893618186	3040.271961
0.0007762471166286912	3073.251996
0.0007852356346100726	3106.574798
0.0007943282347242822	3140.243537
0.0008035261221856177	3174.261373
0.0008128305161640995	3208.631506
0.0008222426499470713	3243.357164
0.0008317637711026709	3278.441593
0.0008413951416451947	3313.888025
0.0008511380382023759	3349.69973
0.0008609937521846016	3385.880011
0.0008709635899560814	3422.432182
0.0008810488730080147	3459.359544
0.0008912509381337459	3496.665434
0.000901571137605957	3534.353222
0.0009120108393559096	3572.426289
0.0009225714271547629	3610.887996
0.0009332543007969905	3649.741745
0.0009440608762859245	3688.990966
0.0009549925860214369	3728.6391
0.0009660508789898141	3768.689564
0.000977237220955811	3809.145817
0.000988553094656939	3850.011343
0.001			3891.289634
0.0010115794542598982	3932.98416
0.0010232929922807535	3975.098425
0.001035142166679343	4017.635961
0.0010471285480509007	4060.600306
0.0010592537251772898	4103.994968
0.001071519305237607	4147.823494
0.0010839269140212038	4192.089452
0.0010964781961431851	4236.796415
0.0011091748152624009	4281.947925
0.001122018454301963	4327.547558
0.0011350108156723143	4373.598911
0.001148153621496884	4420.105579
0.0011614486138403438	4467.07113
0.0011748975549395304	4514.499158
0.001188502227437019	4562.393277
0.001202264434617413	4610.757095
0.001216186000646368	4659.594192
0.0012302687708123812	4708.908171
0.0012445146117713844	4758.702649
0.0012589254117941688	4808.981236
0.0012735030810166628	4859.747512
0.001288249551693135	4911.005075
0.0013031667784523	4962.757532
0.0013182567385564075	5015.008481
0.001333521432163324	5067.761489
0.0013489628825916532	5121.020134
0.001364583136588924	5174.788
0.0013803842646028838	5229.068657
0.001396368361055939	5283.865642
0.0014125375446227555	5339.1825
0.0014288939585111037	5395.022772
0.001445439770745928	5451.389985
0.0014621771744567182	5508.287629
0.0014791083881682072	5565.719195
0.0014962356560944327	5623.688165
0.0015135612484362072	5682.198003
0.001531087461682032	5741.25213
0.0015488166189124826	5800.853963
0.00156675107010815	5861.006905
0.001584893192461114	5921.714334
0.0016032453906900418	5982.97958
0.0016218100973589297	6044.805962
0.0016405897731995387	6107.196781
0.0016595869074375598	6170.155302
0.0016788040181225624	6233.684742
0.001698243652461746	6297.788295
0.0017179083871575894	6362.469131
0.0017378008287493763	6427.730379
0.0017579236139586931	6493.575113
0.0017782794100389228	6560.006377
0.0017988709151287874	6627.027181
0.0018197008586099826	6694.640488
0.0018407720014689544	6762.849201
0.0018620871366628695	6831.656186
0.0018836490894898021	6901.064261
0.0019054607179632482	6971.076192
0.0019275249131909366	7041.694686
0.0019498445997580456	7112.922397
0.0019724227361148533	7184.761921
0.001995262314968879	7257.215795
0.00201836636368156	7330.286496
0.0020417379446695315	7403.976437
0.002065380155810531	7478.287984
0.0020892961308540407	7553.22342
0.0021134890398366475	7628.784888
0.0021379620895022326	7704.974495
0.00216271852372702	7781.794224
0.002187761623949552	7859.246011
0.0022130947096056365	7937.331826
0.0022387211385683425	8016.053488
0.002264644307593062	8095.412712
0.0022908676527677745	8175.411138
0.0023173946499684796	8256.050376
0.0023442288153199225	8337.331912
0.0023713737056616554	8419.257151
0.00239883291901949	8501.827388
0.002426610095082414	8585.043759
0.0024547089156850286	8668.907326
0.002483133105295573	8753.41903
0.002511886431509582	8838.579708
0.0025409727055493063	8924.39011
0.0025703957827688645	9010.850851
0.002600159563165272	9097.962415
0.0026302679918953813	9185.725168
0.0026607250597988083	9274.139384
0.002691534803926914	9363.205185
0.0027227013080779153	9452.922552
0.002754228703338169	9543.291335
0.0027861211686297724	9634.311276
0.002818382931264455	9725.981956
0.00285101826750391	9818.302805
0.0028840315031266055	9911.273104
0.002917427014001166	10004.89201
0.0029512092266663842	10099.15849
0.0029853826189179633	10194.07139
0.003019951720402019	10289.62935
0.0030549211132155155	10385.83087
0.003090295432513592	10482.67429
0.0031260793671239557	10580.15774
0.0031622776601683794	10678.27921
0.0031988951096913972	10777.03647
0.003235936569296281	10876.42713
0.0032734069487883794	10976.4486
0.0033113112148259144	11077.09811
0.0033496543915782794	11178.37264
0.0033884415613920273	11280.26901
0.003427677865464505	11382.78383
0.0034673685045253167	11485.91353
0.0035075187395256797	11589.65421
0.0035481338923357532	11694.00182
0.00358921934645005	11798.95213
0.0036307805477010175	11904.50064
0.00367282300498085	12010.64255
0.003715352290971728	12117.37286
0.003758374042884443	12224.68639
0.0038018939632056127	12332.57767
0.0038459178204535353	12441.0409
0.003890451449942805	12550.07006
0.003935500754557773	12659.65895
0.003981071705534978	12769.80106
0.004027170343254595	12880.48952
0.00407380277804113	12991.71722
0.004120975190973304	13103.47688
0.004168693834703355	13215.76088
0.004216965034285823	13328.56118
0.004265795188015926	13441.86955
0.00431519076827765	13555.67753
0.004365158322401657	13669.97633
0.00441570447353313	13784.75668
0.004466835921509635	13900.00915
0.004518559443749226	14015.72404
0.004570881896148752	14131.89131
0.004623810213992603	14248.50041
0.004677351412871981	14365.54058
0.0047315125896148025	14483.00087
0.00478630092322638	14600.86992
0.004841723675840999	14719.13578
0.004897788193684466	14837.78632
0.004954501908047905	14956.80925
0.005011872336272725	15076.19181
0.005069907082747045	15195.92055
0.005128613839913648	15315.98188
0.005188000389289609	15436.36208
0.005248074602497723	15557.04692
0.00530884444230989	15678.02133
0.005370317963702532	15799.27016
0.005432503314924336	15920.77816
0.005495408738576248	16042.52956
0.005559042572704037	16164.50753
0.005623413251903491	16286.69526
0.005688529308438413	16409.0759
0.005754399373371567	16531.63198
0.00582103217770871	16654.34485
0.005888436553555896	16777.19596
0.005956621435290109	16900.1667
0.0060255958607435805	17023.23784
0.006095368972401693	17146.38885
0.006165950018614822	17269.59931
0.006237348354824191	17392.84882
0.00630957344480193	17516.11629
0.006382634861905483	17639.37924
0.006456542290346563	17762.61535
0.0065313055264747295	17885.80233
0.006606934480075964	18008.9172
0.006683439175686149	18131.93545
0.006760829753919818	18254.83278
0.006839116472814293	18377.58502
0.006918309709189363	18500.16724
0.006998419960022731	18622.55278
0.007079457843841388	18744.7153
0.007161434102129027	18866.62872
0.007244359600749906	18988.26608
0.007328245331389044	19109.59843
0.007413102413009177	19230.59734
0.007498942093324558	19351.23468
0.007585775750291836	19471.48143
0.007673614893618186	19591.30624
0.007762471166286911	19710.67843
0.007852356346100726	19829.56778
0.00794328234724282	19947.94307
0.008035261221856178	20065.77049
0.008128305161640995	20183.01709
0.008222426499470713	20299.65042
0.008317637711026709	20415.63701
0.008413951416451947	20530.94061
0.008511380382023759	20645.52597
0.008609937521846016	20759.3584
0.008709635899560815	20872.40218
0.008810488730080147	20984.61863
0.008912509381337459	21095.97018
0.00901571137605957	21206.42
0.009120108393559097	21315.93015
0.00922571427154763	21424.45946
0.009332543007969905	21531.96808
0.009440608762859246	21638.41708
0.00954992586021437	21743.76634
0.009660508789898142	21847.97212
0.009772372209558112	21950.99229
0.00988553094656939	22052.78582
0.01			22153.31043
0.010115794542598982	22252.51986
0.010232929922807537	22350.36971
0.010351421666793452	22446.81687
0.010471285480509006	22541.81693
0.010592537251772897	22635.32131
0.01071519305237607	22727.28349
0.010839269140212038	22817.65841
0.01096478196143185	22906.3997
0.01109174815262401	22993.45665
0.01122018454301963	23078.78084
0.011350108156723143	23162.32555
0.01148153621496884	23244.04273
0.011614486138403438	23323.87967
0.011748975549395304	23401.78627
0.01188502227437019	23477.71443
0.012022644346174132	23551.61472
0.012161860006463679	23623.43263
0.012302687708123811	23693.11668
0.012445146117713845	23760.61767
0.012589254117941687	23825.88507
0.01273503081016663	23888.86307
0.01288249551693135	23949.49922
0.013031667784523	24007.74366
0.013182567385564075	24063.54528
0.01333521432163324	24116.84747
0.013489628825916533	24167.59743
0.013645831365889238	24215.74528
0.013803842646028866	24261.23999
0.01396368361055939	24304.0247
0.014125375446227554	24344.04685
0.014288939585111037	24381.25731
0.01445439770745928	24415.60584
0.014621771744567183	24447.03601
0.014791083881682071	24475.49633
0.014962356560944329	24500.93919
0.015135612484362071	24523.31601
0.01531087461682032	24542.57179
0.015488166189124828	24558.65709
0.0156675107010815	24571.52693
0.01584893192461114	24581.13552
0.016032453906900418	24587.43027
0.0162181009735893	24590.3649
0.016405897731995387	24589.8984
0.016595869074375595	24585.98902
0.016788040181225625	24578.5877
0.01698243652461746	24567.65264
0.017179083871575893	24553.14814
0.017378008287493762	24535.03799
0.01757923613958693	24513.27798
0.01778279410038923	24487.83233
0.017988709151287873	24458.67237
0.018197008586099826	24425.76908
0.018407720014689582	24389.08453
0.018620871366628693	24348.59057
0.01883649089489802	24304.26748
0.019054607179632484	24256.09525
0.019275249131909367	24204.04373
0.019498445997580455	24148.09423
0.019724227361148535	24088.238
0.01995262314968879	24024.466
0.020183663636815598	23956.75749
0.020417379446695316	23885.10512
0.02065380155810531	23809.51333
0.02089296130854041	23729.98623
0.021134890398366475	23646.51392
0.021379620895022326	23559.10237
0.0216271852372702	23467.77151
0.02187761623949552	23372.54064
0.022130947096056366	23273.41223
0.022387211385683423	23170.40746
0.022646443075930618	23063.564
0.022908676527677748	22952.9185
0.023173946499684798	22838.48694
0.023442288153199226	22720.3075
0.023713737056616554	22598.43773
0.023988329190194897	22472.93348
0.024266100950824144	22343.82521
0.024547089156850336	22211.16952
0.024831331052955728	22075.04574
0.025118864315095822	21935.53049
0.025409727055493065	21792.66913
0.025703957827688646	21646.5377
0.026001595631652722	21497.23873
0.026302679918953815	21344.87062
0.026607250597988085	21189.49351
0.02691534803926914	21031.2033
0.027227013080779155	20870.12648
0.02754228703338169	20706.38351
0.02786121168629772	20540.04848
0.02818382931264455	20371.2368
0.028510182675039096	20200.09878
0.028840315031266057	20026.77625
0.02917427014001166	19851.35566
0.02951209226666384	19673.97059
0.029853826189179634	19494.79406
0.030199517204020192	19313.98724
0.030549211132155155	19131.64661
0.03090295432513592	18947.92153
0.03126079367123956	18763.00535
0.03162277660168379	18577.07501
0.03198895109691397	18390.23398
0.03235936569296281	18202.64385
0.03273406948788386	18014.51468
0.03311311214825914	17826.03371
0.033496543915782793	17637.30782
0.03388441561392028	17448.50608
0.03427677865464505	17259.85053
0.034673685045253165	17071.53087
0.03507518739525679	16883.65366
0.03548133892335753	16696.38962
0.035892193464500496	16509.96706
0.03630780547701017	16324.56792
0.0367282300498085	16140.29444
0.037153522909717275	15957.31197
0.03758374042884443	15775.84801
0.038018939632056124	15596.06406
0.03845917820453535	15418.05505
0.03890451449942805	15241.97357
0.039355007545577726	15068.03929
0.039810717055349776	14896.37907
0.04027170343254595	14727.07688
0.0407380277804113	14560.26432
0.04120975190973304	14396.14449
0.04168693834703355	14234.79518
0.042169650342858224	14076.28574
0.04265795188015926	13920.71804
0.0431519076827765	13768.26831
0.04365158322401665	13618.953
0.044157044735331295	13472.82274
0.04466835921509635	13329.94464
0.04518559443749226	13190.44572
0.04570881896148752	13054.2845
0.04623810213992603	12921.48235
0.046773514128719815	12792.07454
0.04731512589614803	12666.08855
0.0478630092322638	12543.46156
0.04841723675840999	12424.16383
0.048977881936844665	12308.18305
0.04954501908047906	12195.45062
0.05011872336272725	12085.8746
0.050699070827470445	11979.36766
0.05128613839913648	11875.84765
0.0518800038928961	11775.17386
0.05248074602497723	11677.20958
0.0530884444230989	11581.80172
0.053703179637025325	11488.78397
0.05432503314924336	11397.97634
0.05495408738576248	11309.17894
0.05559042572704037	11222.14896
0.05623413251903491	11136.69282
0.05688529308438413	11052.57171
0.057543993733715666	10969.49029
0.058210321777087216	10887.20248
0.05888436553555896	10805.4624
0.059566214352901097	10723.95516
0.06025595860743581	10642.34853
0.060953689724016935	10560.4235
0.06165950018614822	10477.87721
0.06237348354824192	10394.27998
0.0630957344480193	10309.46713
0.06382634861905483	10223.14865
0.06456542290346562	10134.90175
0.06531305526474729	10044.54534
0.06606934480075964	9951.858309
0.06683439175686148	9856.468126
0.06760829753919818	9758.185347
0.06839116472814293	9656.889
0.06918309709189363	9552.294015
0.06998419960022731	9444.231553
0.07079457843841387	9332.701322
0.07161434102129027	9217.537463
0.07244359600749906	9098.632986
0.07328245331389044	8976.116117
0.07413102413009177	8849.962578
0.07498942093324558	8720.171535
0.07585775750291836	8586.993796
0.07673614893618186	8450.557892
0.07762471166286927	8311.005586
0.07852356346100726	8168.688951
0.07943282347242822	8023.887191
0.08035261221856177	7876.900137
0.08128305161640995	7728.148061
0.08222426499470713	7578.044899
0.08317637711026708	7427.034651
0.08413951416451948	7275.563971
0.08511380382023759	7124.151092
0.08609937521846016	6973.337553
0.08709635899560814	6823.5527
0.08810488730080146	6675.376305
0.08912509381337459	6529.374892
0.09015711376059571	6385.919438
0.09120108393559097	6245.598766
0.09225714271547629	6108.919382
0.09332543007969905	5976.159144
0.09440608762859246	5847.857924
0.09549925860214369	5724.38211
0.09660508789898141	5605.889127
0.09772372209558111	5492.811558
0.0988553094656939	5385.315219
0.1			5283.417719
0.10115794542598983	5187.390084
0.10232929922807536	5097.167001
0.10351421666793452	5012.61268
0.10471285480509006	4933.790694
0.10592537251772897	4860.40773
0.10715193052376071	4792.167505
0.10839269140212039	4728.892037
0.1096478196143185	4670.100759
0.11091748152624009	4615.343452
0.1122018454301963	4564.172666
0.11350108156723143	4516.016704
0.1148153621496884	4470.277287
0.11614486138403438	4426.276777
0.11748975549395303	4383.459646
0.1188502227437019	4341.101877
0.12022644346174131	4298.438437
0.12161860006463679	4255.01998
0.1230268770812381	4210.066339
0.12445146117713844	4162.931613
0.12589254117941687	4113.359988
0.12735030810166628	4060.632441
0.1288249551693135	4004.436141
0.13031667784523		3944.773453
0.13182567385564073	3881.145505
0.1333521432163324	3813.702301
0.13489628825916533	3742.723274
0.13645831365889238	3668.093463
0.13803842646028866	3590.381152
0.1396368361055939	3510.110483
0.14125375446227553	3427.655632
0.14288939585111038	3343.761296
0.1445439770745928	3259.130261
0.14621771744567183	3174.576531
0.1479108388168207	3090.698256
0.1496235656094433	3008.320224
0.1513561248436207	2928.34655
0.1531087461682032	2851.103547
0.15488166189124827	2777.384467
0.15667510701081502	2707.814405
0.15848931924611143	2642.414459
0.16032453906900418	2581.761476
0.16218100973589297	2525.98585
0.16405897731995386	2474.814948
0.16595869074375597	2428.447889
0.16788040181225625	2386.513154
0.1698243652461746	2348.490313
0.17179083871575895	2314.095228
0.17378008287493762	2282.654049
0.17579236139586932	2253.483102
0.1778279410038923	2225.79363
0.17988709151287874	2198.991358
0.18197008586099825	2172.318905
0.18407720014689583	2144.727299
0.18620871366628694	2116.033232
0.1883649089489802	2085.54371
0.19054607179632482	2052.473879
0.19275249131909367	2017.115813
0.19498445997580455	1979.095721
0.19724227361148533	1938.280241
0.1995262314968879	1895.307776
0.20183663636815596	1850.347988
0.20417379446695316	1803.862485
0.2065380155810531	1756.582156
0.2089296130854041	1709.240482
0.21134890398366477	1662.410787
0.21379620895022325	1616.664046
0.21627185237270202	1573.032716
0.21877616239495518	1531.657234
0.22130947096056364	1492.794998
0.22387211385683423	1457.340102
0.2264644307593062	1424.788744
0.22908676527677746	1395.0921
0.23173946499684797	1368.457672
0.23442288153199228	1344.149694
0.23713737056616552	1321.74262
0.239883291901949	1300.781212
0.24266100950824143	1280.702396
0.24547089156850335	1260.789335
0.2483133105295573	1240.440897
0.25118864315095824	1219.515117
0.25409727055493064	1197.321509
0.25703957827688645	1173.683388
0.2600159563165272	1148.895797
0.26302679918953814	1122.718468
0.26607250597988086	1095.500648
0.2691534803926914	1067.745536
0.27227013080779155	1039.868753
0.2754228703338169	1012.251103
0.2786121168629772	985.3053844
0.2818382931264455	959.8455747
0.285101826750391	935.7249001
0.28840315031266056	913.1295462
0.2917427014001166	892.5661493
0.2951209226666384	873.4955251
0.29853826189179633	855.7723032
0.30199517204020193	839.2636972
0.3054921113215515	823.5251269
0.30902954325135923	808.1127049
0.31260793671239556	792.6347389
0.31622776601683794	777.0389782
0.3198895109691397	760.9000319
0.3235936569296281	744.1024948
0.3273406948788386	726.9345833
0.33113112148259144	709.3663913
0.33496543915782795	691.6014605
0.33884415613920277	673.954093
0.34276778654645046	656.8184084
0.34673685045253166	640.2873756
0.35075187395256796	624.4463772
0.3548133892335753	609.6981682
0.358921934645005	595.8028995
0.36307805477010174	582.6199213
0.36728230049808497	570.1288164
0.3715352290971728	558.0924434
0.3758374042884443	546.3113614
0.38018939632056126	534.425745
0.38459178204535355	522.5595329
0.3890451449942805	510.6253432
0.39355007545577725	498.4437066
0.39810717055349776	486.2776712
0.40271703432545947	474.2411004
0.407380277804113	462.4609768
0.4120975190973304	450.9849209
0.41686938347033553	439.9566561
0.4216965034285822	429.5032967
0.42657951880159256	419.4591027
0.431519076827765	409.7911666
0.43651583224016655	400.4522575
0.44157044735331297	391.3444596
0.4466835921509635	382.3301525
0.4518559443749226	373.3267296
0.4570881896148752	364.4186455
0.46238102139926035	355.5862896
0.4677351412871981	346.8399503
0.4731512589614803	338.2596152
0.47863009232263803	329.931582
0.48417236758409987	321.9013269
0.48977881936844664	314.112859
0.4954501908047905	306.5731129
0.5011872336272725	299.2736031
0.5069907082747045	292.1588131
0.5128613839913648	285.1690003
0.518800038928961	278.2554715
0.5248074602497723	271.4655876
0.530884444230989	264.7995157
0.5370317963702532	258.255978
0.5432503314924336	251.8583058
0.5495408738576248	245.6256177
0.5559042572704037	239.5995008
0.5623413251903491	233.734191
0.5688529308438414	228.0166691
0.5754399373371566	222.418099
0.5821032177708722	216.9457243
0.5888436553555896	211.5937156
0.5956621435290109	206.3400185
0.6025595860743581	201.1952479
0.6095368972401694	196.1688641
0.6165950018614822	191.2735391
0.6237348354824191	186.5096841
0.630957344480193	181.8642879
0.6382634861905496	177.3301437
0.6456542290346563	172.8969654
0.653130552647473	168.5683504
0.6606934480075964	164.34148
0.6683439175686149	160.2081934
0.6760829753919819	156.1712337
0.6839116472814293	152.2312018
0.6918309709189363	148.3885825
0.6998419960022731	144.6425182
0.7079457843841388	140.9884233
0.7161434102129027	137.4231166
0.7244359600749906	133.9376506
0.7328245331389045	130.5352301
0.7413102413009177	127.2153055
0.7498942093324559	123.9763201
0.7585775750291835	120.8165236
0.7673614893618186	117.7344657
0.7762471166286927	114.7281491
0.7852356346100726	111.7930028
0.7943282347242822	108.9286634
0.8035261221856177	106.1348475
0.8128305161640995	103.4100397
0.8222426499470712	100.750895
0.8317637711026709	98.15770339
0.8413951416451948	95.62902559
0.8511380382023777	93.1625974
0.8609937521846016	90.75543418
0.8709635899560815	88.4082814
0.8810488730080147	86.11987889
0.8912509381337459	83.88799739
0.9015711376059571	81.71094637
0.9120108393559097	79.5886679
0.9225714271547628	77.51988611
0.9332543007969905	75.50198635
0.9440608762859245	73.5339115
0.9549925860214369	71.6155845
0.9660508789898141	69.74584539
0.9772372209558111	67.92218837
0.9885530946569391	66.14403
1.			64.41107804
1.0115794542599004	62.72224262
1.0232929922807537	61.07501936
1.0351421666793452	59.46916521
1.0471285480508985	57.90435849
1.0592537251772898	56.37961665
1.0715193052376049	54.8926487
1.0839269140212038	53.44335751
1.0964781961431873	52.03135785
1.1091748152624008	50.65574078
1.1220184543019653	49.31436489
1.1350108156723142	48.00721659
1.1481536214968842	46.73389639
1.1614486138403415	45.4935609
1.1748975549395304	44.28420589
1.1885022274370165	43.1058769
1.2022644346174132	41.90021142
1.2161860006463703	40.63971205
1.2302687708123812	39.41712789
1.244514611771387	38.23132362
1.2589254117941662	37.08119249
1.273503081016663	35.96566129
1.2882495516931323	34.88368915
1.3031667784523		33.83426651
1.3182567385564101	32.81641413
1.333521432163324	31.8291823
1.348962882591656	30.87164984
1.3645831365889238	29.94292328
1.3803842646028865	29.04213604
1.3963683610559363	28.16844762
1.4125375446227555	27.32104278
1.4288939585111007	26.49913082
1.4454397707459279	25.70194484
1.4621771744567214	24.92874099
1.4791083881682072	24.17879778
1.4962356560944359	23.45141548
1.513561248436207	22.74591537
1.5310874616820318	22.06163915
1.5488166189124795	21.39794834
1.5667510701081502	20.75422366
1.584893192461111	20.12986446
1.6032453906900417	19.52428814
1.6218100973589331	18.93692968
1.6405897731995387	18.367241
1.659586907437563	17.81469053
1.678804018122559	17.2787627
1.698243652461746	16.75895745
1.717908387157586	16.25478974
1.7378008287493762	15.76578915
1.7579236139586967	15.2914994
1.7782794100389228	14.83147793
1.7988709151287912	14.38529551
1.8197008586099825	13.95253581
1.8407720014689581	13.53279502
1.8620871366628655	13.1256815
1.8836490894898021	12.73081536
1.9054607179632443	12.34782818
1.9275249131909367	11.97636257
1.9498445997580496	11.61607195
1.9724227361148534	11.26662012
1.9952623149688828	10.92768101
2.01836636368156		10.59893837
2.041737944669532	10.28008546
2.065380155810527	9.97082475
2.089296130854041	9.670867672
2.1134890398366433	9.379934351
2.1379620895022327	9.097753316
2.1627185237270243	8.824061263
2.1877616239495516	8.558602821
2.213094709605641	8.301130295
2.2387211385683377	8.051403434
2.264644307593062	7.809189224
2.29086765276777		7.574261664
2.3173946499684797	7.346401539
2.3442288153199273	7.125396237
2.371373705661655	6.911039547
2.398832919019495	6.703131451
2.4266100950824145	6.501477949
2.4547089156850337	6.305890889
2.483133105295568	6.116187769
2.5118864315095824	5.932191575
2.540972705549301	5.753730627
2.570395782768865	5.580638407
2.6001595631652776	5.412753401
2.6302679918953813	5.249918959
2.660725059798814	5.091983145
2.691534803926914	4.938798589
2.7227013080779154	4.790222355
2.754228703338163	4.646115813
2.786121168629772	4.506344497
2.8183829312644493	4.370777986
2.85101826750391		4.239289788
2.8840315031266117	4.111757213
2.917427014001166	3.98806126
2.95120922666639		3.868086511
2.9853826189179573	3.751721022
3.019951720402019	3.63885621
3.054921113215509	3.529386763
3.090295432513592	3.423210538
3.126079367123962	3.320228465
3.1622776601683795	3.220344448
3.198895109691404	3.12346529
3.235936569296281	3.029500596
3.273406948788386	2.938362685
3.3113112148259076	2.849966519
3.3496543915782793	2.764229618
3.3884415613920207	2.681071981
3.4276778654645046	2.600416013
3.4673685045253237	2.522186459
3.5075187395256795	2.446310322
3.5481338923357604	2.372716802
3.58921934645005		2.301337231
3.6307805477010175	2.232105006
3.6728230049808426	2.164955527
3.715352290971728	2.099826137
3.758374042884451	2.036656067
3.801893963205613	1.975386372
3.8459178204535434	1.915959881
3.890451449942805	1.858321147
3.9355007545577805	1.802416386
3.981071705534969	1.748193434
4.027170343254594	1.695601698
4.073802778041122	1.644592104
4.120975190973304	1.595117056
4.1686938347033635	1.547130388
4.216965034285822	1.500587328
4.265795188015934	1.455444444
4.31519076827765		1.411659614
4.3651583224016655	1.369191985
4.415704473533121	1.32800193
4.4668359215096345	1.288051015
4.518559443749217	1.249301962
4.570881896148752	1.211718616
4.623810213992613	1.175265907
4.677351412871981	1.139909822
4.7315125896148125	1.105617372
4.7863009232263805	1.072356557
4.841723675840999	1.040096344
4.897788193684456	1.00880663
4.954501908047906	0.9784582189
5.011872336272735	0.9490227936
5.0699070827470445	0.9204728885
5.128613839913658	0.892781864
5.188000389289609	0.8659238813
5.248074602497733	0.8398738804
5.308844442309879	0.8146075543
5.370317963702533	0.7901013267
5.432503314924325	0.7663323317
5.4954087385762485	0.743278391
5.5590425727040484	0.7209179929
5.623413251903491	0.699230273
5.688529308438425	0.6781949954
5.754399373371567	0.6577925322
5.821032177708722	0.6380038457
5.888436553555884	0.6188104718
5.95662143529011		0.6001945016
6.025595860743569	0.5821385641
6.095368972401694	0.5646258121
6.165950018614835	0.5476399048
6.237348354824191	0.5311649924
6.309573444801943	0.5151857026
6.3826348619054825	0.4996871256
6.456542290346563	0.4846547996
6.531305526474716	0.4700746981
6.606934480075965	0.4559332169
6.683439175686162	0.4422171607
6.760829753919819	0.4289137309
6.839116472814307	0.4160105146
6.918309709189362	0.4034954721
6.998419960022745	0.3913569254
7.079457843841373	0.3795835483
7.161434102129027	0.3681643556
7.244359600749891	0.3570886918
7.328245331389044	0.3463462223
7.4131024130091925	0.3359269238
7.498942093324558	0.3258210741
7.585775750291852	0.3160192433
7.673614893618185	0.3065122858
7.762471166286928	0.2972913306
7.85235634610071		0.2883477738
7.943282347242821	0.2796732702
8.03526122185616		0.2712597259
8.128305161640995	0.2630992903
8.222426499470728	0.2551843488
8.317637711026709	0.2475075164
8.413951416451965	0.2400616299
8.51138038202376		0.2328397413
8.609937521846016	0.2258351124
8.709635899560796	0.2190412071
8.810488730080147	0.212451686
8.912509381337477	0.2060604006
9.01571137605957		0.1998613874
9.120108393559116	0.193848862
9.225714271547629	0.1880172142
9.332543007969925	0.1823610028
9.440608762859226	0.1768749498
9.549925860214369	0.1715539363
9.66050878989812		0.1663929975
9.772372209558112	0.1613873177
9.88553094656941		0.156532226
10.			0.1518231924
10.115794542599003	0.147255823
10.232929922807536	0.1428258558
10.35142166679345	0.1385291575
10.471285480508985	0.1343617188
10.592537251772898	0.1303196512
10.715193052376048	0.126399183
10.83926914021204	0.1225966561
10.964781961431873	0.1189085225
11.091748152624008	0.1153313407
11.220184543019652	0.111861773
11.350108156723143	0.1084965819
11.481536214968841	0.1052326275
11.614486138403414	0.1020668642
11.748975549395302	0.0989963381
11.885022274370213	0.09601818407
12.02264434617413	0.09312962324
12.161860006463703	0.09032796039
12.30268770812381	0.08761058132
12.44514611771387	0.08497495041
12.589254117941662	0.08241860846
12.735030810166629	0.0799391702
12.882495516931323	0.07753432202
13.031667784523		0.07520182003
13.1825673855641		0.07293948784
13.33521432163324	0.07074521446
13.48962882591656	0.06861695243
13.645831365889238	0.06655271594
13.803842646028867	0.06455057888
13.963683610559363	0.06260867302
14.125375446227554	0.06072518646
14.288939585111008	0.05889836175
14.45439770745928	0.05712649424
14.621771744567212	0.05540793067
14.791083881682072	0.05374106749
14.96235656094436	0.05212434934
15.135612484362072	0.05055626767
15.31087461682032	0.04903535938
15.488166189124795	0.04756020529
15.6675107010815		0.04612942895
15.848931924611174	0.04474169535
16.032453906900418	0.04339570961
16.218100973589333	0.04209021578
16.40589773199539	0.04082399574
16.59586907437563	0.03959586803
16.78804018122559	0.03840468665
16.98243652461746	0.03724934015
17.17908387157586	0.0361287505
17.378008287493763	0.03504187208
17.579236139586968	0.03398769072
17.78279410038923	0.03296522282
17.98870915128791	0.03197351432
18.197008586099827	0.03101163983
18.40772001468958	0.03007870188
18.620871366628656	0.02917382997
18.83649089489802	0.02829617973
19.054607179632445	0.02744493226
19.275249131909366	0.02661929328
19.498445997580493	0.02581849239
19.724227361148536	0.02504178237
19.95262314968883	0.0242884385
20.183663636815595	0.02355775783
20.417379446695318	0.02284905856
20.65380155810527	0.02216167944
20.892961308540407	0.02149497908
21.13489039836652	0.02084833537
21.379620895022324	0.02022114495
21.627185237270247	0.01961282262
21.87761623949552	0.01902280072
22.13094709605641	0.01845052873
22.38721138568338	0.01789547269
22.64644307593062	0.01735711465
22.908676527677702	0.01683495229
23.173946499684796	0.0163284984
23.442288153199275	0.0158372804
23.71373705661655	0.01536083994
23.988329190194946	0.01489873247
24.266100950824143	0.0144505268
24.547089156850337	0.01401580471
24.83133105295568	0.01359416057
25.11886431509582	0.01318520096
25.40972705549301	0.01278854428
25.703957827688647	0.0124038204
26.001595631652773	0.01203067036
26.302679918953814	0.01166874597
26.60725059798814	0.01131770952
26.91534803926914	0.01097723347
27.227013080779155	0.01064700012
27.542287033381633	0.01032670134
27.86121168629772	0.01001603826
28.183829312644608	0.009714721007
28.510182675039097	0.009422468425
28.840315031266115	0.009139007812
29.17427014001166	0.008864074684
29.5120922666639		0.008597412502
29.85382618917957	0.00833877244
30.199517204020193	0.008087913173
30.549211132155094	0.007844600628
30.90295432513592	0.007608607766
31.26079367123962	0.00737971439
31.622776601683793	0.007157706926
31.988951096914036	0.006942378216
32.35936569296281	0.00673352734
32.734069487883865	0.006530959428
33.11311214825908	0.006334485464
33.496543915782794	0.006143922116
33.884415613920204	0.005959091577
34.27677865464505	0.005779821387
34.67368504525324	0.005605944263
35.0751873952568		0.005437297968
35.481338923357605	0.005273725143
35.8921934645005		0.005115073155
36.30780547701018	0.004961193969
36.728230049808424	0.004811944007
37.15352290971728	0.004667184002
37.58374042884451	0.004526778879
38.018939632056124	0.004390597632
38.459178204535434	0.004258513192
38.904514499428046	0.004130402308
39.355007545577806	0.004006145446
39.81071705534969	0.003885626664
40.27170343254595	0.003768733504
40.73802778041122	0.003655356897
41.20975190973304	0.003545391053
41.68693834703364	0.003438733365
42.169650342858226	0.003335284308
42.657951880159345	0.003234947361
43.1519076827765		0.003137628898
43.651583224016655	0.003043238111
44.157044735331205	0.002951686928
44.668359215096345	0.002862889924
45.18559443749217	0.002776764241
45.708818961487516	0.002693229518
46.23810213992613	0.002612207811
46.77351412871981	0.002533623518
47.315125896148125	0.002457403313
47.863009232263806	0.002383476078
48.41723675840999	0.002311772832
48.97788193684456	0.002242226667
49.54501908047906	0.002174772693
50.11872336272735	0.00210934797
50.69907082747044	0.002045891449
51.28613839913659	0.001984343921
51.88000389289609	0.001924647957
52.480746024977336	0.001866747855
53.08844442309879	0.001810589589
53.70317963702533	0.001756120759
54.32503314924325	0.001703290542
54.954087385762485	0.00165204964
55.59042572704048	0.001602350243
56.23413251903491	0.001554145977
56.885293084384244	0.001507391862
57.543993733715666	0.001462044274
58.210321777087216	0.0014180609
58.88436553555884	0.001375400698
59.56621435290109	0.001334023862
60.25595860743569	0.001293891787
60.95368972401694	0.001254967023
61.65950018614835	0.001217213252
62.373483548241914	0.001180595245
63.09573444801943	0.001145078836
63.826348619054826	0.001110630883
64.56542290346563	0.001077219245
65.31305526474716	0.001044812745
66.06934480075964	0.001013381145
66.83439175686162	0.0009828951166
67.60829753919819	0.0009533262145
68.39116472814307	0.0009246468476
69.18309709189363	0.0008968302554
69.98419960022746	0.0008698504833
70.79457843841374	0.0008436823568
71.61434102129027	0.000818301458
72.44359600749891	0.000793684105
73.28245331389044	0.000769807328
74.13102413009192	0.000746648847
74.98942093324558	0.0007241870536
75.85775750291852	0.0007024009895
76.73614893618186	0.0006812703257
77.62471166286927	0.0006607753455
78.5235634610071		0.0006408969258
79.43282347242821	0.0006216165182
80.3526122185616		0.0006029161319
81.28305161640995	0.0005847783185
82.22426499470728	0.0005671861537
83.17637711026708	0.0005501232222
84.13951416451965	0.0005335736029
85.11380382023759	0.000517521854
86.09937521846017	0.0005019529973
87.09635899560796	0.0004868525059
88.10488730080147	0.0004722062899
89.12509381337478	0.0004580006831
90.1571137605957		0.00044422243
91.20108393559116	0.0004308586749
92.25714271547629	0.0004178969481
93.32543007969925	0.0004053251549
94.40608762859226	0.000393131565
95.49925860214368	0.0003813048008
96.60508789898121	0.0003698338267
97.72372209558111	0.0003587079393
98.8553094656941		0.0003479167574
100.			0.0003374502118
101.15794542599004	0.0003272985361
102.32929922807536	0.0003174522582
103.51421666793452	0.0003079021906
104.71285480508985	0.0002986394222
105.92537251772897	0.00028965531
107.15193052376048	0.0002809414713
108.39269140212039	0.0002724897751
109.64781961431873	0.0002642923352
110.9174815262401	0.000256341503
112.20184543019653	0.0002486298593
113.50108156723144	0.0002411502087
114.81536214968841	0.000233895572
116.14486138403414	0.0002268591801
117.48975549395303	0.0002200344671
118.85022274370213	0.0002134150654
120.22644346174131	0.0002069947983
121.61860006463704	0.000200767675
123.02687708123811	0.0001947278853
124.4514611771387	0.0001888697936
125.89254117941663	0.0001831879335
127.3503081016663	0.0001776770035
128.82495516931323	0.0001723318616
130.31667784523		0.00016714752
131.825673855641		0.0001621191415
133.3521432163324	0.000157242034
134.8962882591656	0.000152511647
136.4583136588924	0.0001479235664
138.03842646028866	0.0001434735112
139.63683610559363	0.0001391573292
141.25375446227554	0.0001349709929
142.88939585111007	0.0001309105962
144.5439770745928	0.0001269723503
146.21771744567212	0.0001231525806
147.91083881682073	0.0001194477228
149.62356560944357	0.00011585432
151.3561248436207	0.0001123690193
153.1087461682032	0.0001089885685
154.88166189124794	0.0001057098134
156.67510701081503	0.0001025296947
158.48931924611173	0.00009944524501
160.32453906900417	0.00009645358627
162.18100973589333	0.00009355192707
164.05897731995387	0.00009073755986
165.9586907437563	0.00008800785856
167.88040181225588	0.0000853602762
169.8243652461746	0.00008279234234
171.79083871575858	0.00008030166082
173.78008287493762	0.00007788590766
175.79236139586968	0.0000755428288
177.82794100389228	0.00007327023785
179.8870915128791	0.00007106601434
181.97008586099827	0.00006892810157
184.07720014689582	0.00006685450464
186.20871366628657	0.00006484328868
188.3649089489802	0.00006289257712
190.54607179632444	0.00006100054976
192.75249131909365	0.00005916544112
194.98445997580495	0.00005738553894
197.24227361148533	0.00005565918244
199.5262314968883	0.00005398476071
201.83663636815598	0.0000523607114
204.17379446695315	0.00005078551917
206.5380155810527	0.00004925771419
208.92961308540407	0.00004777587088
211.3489039836652	0.00004633860658
213.79620895022325	0.0000449445802
216.27185237270245	0.00004359249095
218.77616239495518	0.00004228107727
221.30947096056408	0.00004100911548
223.87211385683378	0.00003977541869
226.4644307593062	0.00003857883581
229.08676527677702	0.00003741825031
231.73946499684797	0.00003629257924
234.42288153199274	0.00003520077227
237.13737056616552	0.00003414181066
239.8832919019495	0.0000331147063
242.66100950824142	0.00003211850079
245.47089156850336	0.00003115226462
248.3133105295568	0.00003021509621
251.18864315095823	0.00002930612105
254.09727055493013	0.00002842449104
257.03957827688646	0.00002756938353
260.01595631652776	0.00002674000062
263.02679918953817	0.00002593556843
266.0725059798814	0.00002515533637
269.1534803926914	0.00002439857639
272.27013080779153	0.00002366458238
275.4228703338163	0.00002295266947
278.61211686297725	0.00002226217338
281.83829312644605	0.00002159244979
285.10182675039096	0.00002094287383
288.4031503126612	0.00002031283938
291.7427014001166	0.00001970175855
295.120922666639		0.00001910906115
298.53826189179574	0.00001853419416
301.9951720402019	0.00001797662116
305.4921113215509	0.00001743582189
309.0295432513592	0.00001691129175
312.6079367123962	0.0000164025413
316.22776601683796	0.00001590909583
319.88951096914036	0.00001543049491
323.5936569296281	0.00001496629198
327.34069487883863	0.00001451605388
331.13112148259074	0.00001407936051
334.9654391578279	0.0000136558044
338.844156139202		0.00001324499033
342.76778654645045	0.00001284653496
346.7368504525324	0.00001246006653
350.75187395256796	0.00001208522441
354.81338923357606	0.00001172165884
358.92193464500497	0.00001136903059
363.07805477010174	0.00001102701062
367.2823004980842	0.0000106952798
371.53522909717276	0.0000103735286
375.8374042884451	0.0000100614568
380.1893963205613	9.758773196e-6
384.5917820453543	9.465195367e-6
389.04514499428046	9.180449385e-6
393.550075455778		8.904269551e-6
398.1071705534969	8.636398162e-6
402.7170343254595	8.376585279e-6
407.3802778041122	8.124588473e-6
412.0975190973304	7.880172603e-6
416.86938347033634	7.643109613e-6
421.6965034285823	7.413178305e-6
426.57951880159345	7.190164127e-6
431.519076827765		6.97385899e-6
436.51583224016656	6.764061067e-6
441.5704473533121	6.560574594e-6
446.6835921509635	6.363209699e-6
451.8559443749217	6.171782228e-6
457.0881896148752	5.986113563e-6
462.3810213992613	5.806030453e-6
467.73514128719813	5.631364871e-6
473.15125896148123	5.461953838e-6
478.630092322638		5.297639276e-6
484.1723675840999	5.138267867e-6
489.7788193684456	4.983690907e-6
495.45019080479057	4.833764157e-6
501.18723362727354	4.688347724e-6
506.99070827470445	4.547305925e-6
512.8613839913659	4.410507154e-6
518.8000389289609	4.277823763e-6
524.8074602497734	4.149131952e-6
530.8844442309879	4.024311639e-6
537.0317963702532	3.903246352e-6
543.2503314924325	3.785823131e-6
549.5408738576248	3.67193241e-6
555.9042572704049	3.561467916e-6
562.341325190349		3.454326578e-6
568.8529308438425	3.350408426e-6
575.4399373371566	3.249616492e-6
582.1032177708722	3.151856729e-6
588.8436553555883	3.057037921e-6
595.6621435290109	2.965071592e-6
602.5595860743568	2.875871929e-6
609.5368972401693	2.789355703e-6
616.5950018614835	2.705442186e-6
623.7348354824192	2.624053079e-6
630.9573444801943	2.545112438e-6
638.2634861905483	2.468546608e-6
645.6542290346563	2.394284144e-6
653.1305526474716	2.322255752e-6
660.6934480075964	2.252394225e-6
668.3439175686162	2.184634377e-6
676.0829753919819	2.118912978e-6
683.9116472814306	2.055168709e-6
691.8309709189363	1.99334209e-6
699.8419960022745	1.933375429e-6
707.9457843841374	1.875212774e-6
716.1434102129027	1.818799854e-6
724.4359600749891	1.764084031e-6
732.8245331389045	1.71101425e-6
741.3102413009192	1.659540993e-6
749.8942093324558	1.60961623e-6
758.5775750291851	1.561193377e-6
767.3614893618186	1.514227253e-6
776.2471166286928	1.468674033e-6
785.235634610071		1.424491211e-6
794.3282347242822	1.381637563e-6
803.526122185616		1.340073102e-6
812.8305161640995	1.299759044e-6
822.2426499470729	1.260657773e-6
831.7637711026708	1.222732804e-6
841.3951416451964	1.18594875e-6
851.1380382023759	1.150271288e-6
860.9937521846016	1.115667129e-6
870.9635899560797	1.082103983e-6
881.0488730080147	1.049550533e-6
891.2509381337477	1.017976404e-6
901.571137605957		9.873521345e-7
912.0108393559116	9.576491494e-7
922.5714271547629	9.288397333e-7
933.2543007969924	9.008970049e-7
944.0608762859226	8.73794891e-7
954.9925860214369	8.475081024e-7
966.0508789898121	8.220121122e-7
977.2372209558112	7.972831302e-7
988.5530946569411	7.732980815e-7
1000.			7.500345865e-7