###############
#    GaPSE    #
############### 
#
# Power Spectrum Multipole computation of the file: "Effective_fNL_z115_files/xi_ppmatter_L0_noF.txt"
#
# For this PS_multipole computation we set: 
# 	 #points used in Fourier transform N = 994
# 	 multipole degree in consideration L = 0
# computational time needed (in s) : 0.0144
# kwards passed to "print_PS_multipole": 
# 		ν = 1.5
# 		cut_first_n = 6
# 		n_extrap_high = 0
# 		twofast = false
# 		n_pad = 500
# 		n_extrap_low = 0
# 
# k [h_0/Mpc] 	 	  P [(Mpc/h_0)^3]
0.00016369382206909115 	 528.5162772435194
0.0001651285040770867 	 529.8158260168668
0.00016657576024602523 	 531.0243262284836
0.0001680357007811803 	 532.3226312174106
0.00016950843685371167 	 533.6099125911993
0.00017099408060912977 	 534.942212395512
0.00017249274517583602 	 536.2539867781926
0.00017400454467373695 	 537.6669780515557
0.00017552959422293418 	 538.9947651876596
0.00017706800995249123 	 540.4606039761921
0.0001786199090092754 	 541.8561148870182
0.00018018540956687892 	 543.3344322550334
0.0001817646308346174 	 544.8095285994284
0.00018335769306660754 	 546.3275252459437
0.00018496471757092371 	 547.8381776129642
0.00018658582671883636 	 549.4365266405752
0.00018822114395412886 	 550.9734536192807
0.00018987079380249853 	 552.631725523909
0.00019153490188103864 	 554.237721051046
0.00019321359490780362 	 555.9214582122314
0.0001949070007114592 	 557.6092787608535
0.00019661524824101523 	 559.3394246816855
0.0001983384675756454 	 561.0734997436783
0.00020007678993459236 	 562.8855575807507
0.00020183034768715967 	 564.6563747320221
0.0002035992743627922 	 566.5357806153713
0.0002053837046612427 	 568.3788652933192
0.00020718377446282988 	 570.2963100807383
0.00020899962083878516 	 572.224849253271
0.00021083138206169034 	 574.1964325096518
0.00021267919761600636 	 576.1818427253991
0.00021454320820869587 	 578.2386409769614
0.00021642355577993622 	 580.2715890295043
0.00021832038351392877 	 582.4036766677672
0.00022023383584980201 	 584.513769287123
0.00022216405849260988 	 586.696325107601
0.0002241111984244278 	 588.8968538476198
0.00022607540391554362 	 591.1422532790176
0.0002280568245357492 	 593.4104178254594
0.0002300556111657293 	 595.7459541504342
0.00023207191600855068 	 598.0728877312088
0.0002341058926012531 	 600.4923026322052
0.00023615769582653912 	 602.9027984635154
0.00023822748192456924 	 605.3851840405487
0.000240315408504859 	 607.8924147605745
0.00024242163455827996 	 610.4473089106226
0.0002445463204691682 	 613.0332691244363
0.00024668962802753495 	 615.6847367661313
0.0002488517204413882 	 618.3412197120781
0.0002510327623491598 	 621.0858990538312
0.0002532329198322428 	 623.8337887272518
0.0002554523604276375 	 626.6541844990408
0.0002576912531407103 	 629.5063854787463
0.00025994976845806155 	 632.4098962017221
0.00026222807836050844 	 635.3523841188756
0.0002645263563361811 	 638.3603221589885
0.00026684477739373274 	 641.3856701721517
0.0002691835180756675 	 644.4969570739927
0.0002715427564717818 	 647.6228775251882
0.00027392267223272696 	 650.8229917305185
0.0002763234465836887 	 654.0620238655714
0.0002787452623381865 	 657.3567699458472
0.00028118830391199624 	 660.6981952666007
0.0002836527573371906 	 664.1065376603227
0.00028613881027630657 	 667.5437729570492
0.00028864665203663523 	 671.0664236009959
0.0002911764735846367 	 674.6146068534557
0.0002937284675604821 	 678.2396297318393
0.0002963028282927232 	 681.910871387104
0.0002988997518130888 	 685.6428983165677
0.0003015194358714131 	 689.4292203888461
0.0003041620799506937 	 693.2852059025627
0.00030682788528228115 	 697.1808862295541
0.00030951705486120405 	 701.1629319042347
0.0003122297934616243 	 705.1810126026373
0.00031496630765243165 	 709.2794204637694
0.00031772680581297315 	 713.4315387471082
0.0003205114981489204 	 717.6500840618429
0.00032332059670827767 	 721.93052269435
0.00032615431539752645 	 726.2844273606421
0.00032901286999791594 	 730.6883031027991
0.0003318964781818935 	 735.1807250317418
0.00033480535952967955 	 739.7193605049955
0.00033773973554598993 	 744.342522068878
0.0003406998296769003 	 749.0270435208281
0.00034368586732686304 	 753.7840918780818
0.0003466980758758703 	 758.6106274400031
0.0003497366846967692 	 763.515269967255
0.000352801925172727 	 768.4797187821061
0.00035589403071485226 	 773.5358846117391
0.0003590132367799664 	 778.6481354320475
0.0003621597808885343 	 783.8496702885261
0.0003653339026427511 	 789.120297956289
0.0003685358437447865 	 794.4698719253379
0.0003717658480151917 	 799.8964812493597
0.0003750241614114632 	 805.4064499605264
0.0003783110320467737 	 810.9856330493391
0.000381626710208865 	 816.6604424369134
0.000384971448379106 	 822.400859632125
0.0003883455012517207 	 828.235693934661
0.0003917491257531799 	 834.1473167260767
0.0003951825810617673 	 840.1444518175634
0.0003986461286273147 	 846.2260249032302
0.0004021400321911114 	 852.3965730472618
0.0004056645578059862 	 858.6452607699887
0.0004092199738565692 	 864.9939481287879
0.0004128065510797257 	 871.4173150351221
0.000416424562585174 	 877.9403844922435
0.00042007428387628174 	 884.5477292342662
0.00042375599287104444 	 891.2470839751958
0.00042746996992324977 	 898.0379741930342
0.00043121649784382346 	 904.9235398226112
0.00043499586192236684 	 911.8955615948222
0.0004388083499488798 	 918.9721152461569
0.0004426542522356751 	 926.1318044964701
0.0004465338616394876 	 933.3963674702896
0.0004504474735837707 	 940.7522589271769
0.00045439538608119486 	 948.2063292620668
0.0004583778997563398 	 955.7585083766631
0.0004623953178685857 	 963.4108334045907
0.00046644794633520826 	 971.1571302288885
0.00047053609375467007 	 979.0123101603284
0.0004746600714301221 	 986.9582417174488
0.0004788201933931077 	 995.0137938354327
0.0004830167764274759 	 1003.1670185656667
0.00048725014009350326 	 1011.4239574309785
0.0004915206067522291 	 1019.7847815589915
0.0004958285015900005 	 1028.2506431218192
0.0005001741526432352 	 1036.8169409025663
0.0005045578908234018 	 1045.495921037693
0.0005089800499422163 	 1054.272154097291
0.0005134409667370638 	 1063.1619842310852
0.0005179409808966366 	 1072.1548059108634
0.0005224804350868035 	 1081.2559047771226
0.000527059674976702 	 1090.4655554963902
0.0005316790492650599 	 1099.7841843526073
0.0005363389097067496 	 1109.208372025095
0.0005410396111395712 	 1118.7481015019014
0.0005457815115112739 	 1128.3901651688404
0.0005505649719068125 	 1138.1486689557307
0.0005553903565758435 	 1148.014123494883
0.0005602580329604612 	 1157.9910960953396
0.0005651683717231794 	 1168.0798508013788
0.0005701217467751539 	 1178.2802038077223
0.0005751185353046567 	 1188.589596277708
0.0005801591178057977 	 1199.016075117547
0.0005852438781074977 	 1209.5482476536379
0.0005903732034027185 	 1220.1982247954784
0.0005955474842779436 	 1230.9574367426449
0.000600767114742922 	 1241.8297640147957
0.0006060324922606714 	 1252.8153701331817
0.0006113440177777432 	 1263.913549960398
0.000616702095754756 	 1275.122347778983
0.0006221071341971907 	 1286.4481472807367
0.0006275595446864618 	 1297.8810335568392
0.0006330597424112576 	 1309.4313376801297
0.0006386081461991556 	 1321.0912475500922
0.000644205178548517 	 1332.8639929941398
0.0006498512656606564 	 1344.749577040887
0.0006555468374722973 	 1356.7468516926092
0.0006612923276883112 	 1368.8542699954419
0.0006670881738147428 	 1381.0767930970626
0.0006729348171921243 	 1393.405716998468
0.0006788327030290854 	 1405.8497972351279
0.0006847822804362508 	 1418.4018602765846
0.0006907840024604417 	 1431.0645393940342
0.0006968383261191736 	 1443.8376556480707
0.0007029457124354565 	 1456.7197042189798
0.0007091066264729032 	 1469.7094197509864
0.0007153215373711392 	 1482.8105708270077
0.0007215909183815291 	 1496.0154730602505
0.0007279152469032128 	 1509.3315178257483
0.0007342950045194579 	 1522.7521044654611
0.0007407306770343342 	 1536.2793567451151
0.0007472227545097013 	 1549.9129416833678
0.0007537717313025303 	 1563.651109600946
0.0007603781061025455 	 1577.4928232776672
0.0007670423819701992 	 1591.4408993972036
0.0007737650663749785 	 1605.488564138735
0.0007805466712340495 	 1619.6420809478832
0.0007873877129512358 	 1633.895420911686
0.0007942887124563429 	 1648.2503322128239
0.0008012501952448266 	 1662.7064161280844
0.0008082726914178059 	 1677.2618318077937
0.0008153567357224334 	 1691.91579683631
0.0008225028675926102 	 1706.670444916125
0.0008297116311900647 	 1721.5198911402686
0.00083698357544579 	 1736.4695458942115
0.0008443192541018415 	 1751.514022655595
0.0008517192257535075 	 1766.6548841905098
0.0008591840538918396 	 1781.891820509982
0.0008667143069465641 	 1797.2231041964421
0.0008743105583293667 	 1812.6483149344358
0.0008819733864775548 	 1828.1692092559829
0.0008897033748981086 	 1843.7808546785352
0.0008975011122121074 	 1859.4881255119055
0.0009053671921995564 	 1875.2864175428704
0.0009133022138446001 	 1891.1773521870316
0.0009213067813811337 	 1907.1609227205413
0.0009293815043388136 	 1923.2357659195736
0.0009375269975894749 	 1939.4019983173353
0.0009457438813939474 	 1955.661334611374
0.0009540327814492903 	 1972.0099250200508
0.0009623943289364371 	 1988.4524525374745
0.0009708291605682571 	 2004.9852830931932
0.0009793379186380446 	 2021.610372487803
0.0009879212510684205 	 2038.3282648021373
0.0009965798114606758 	 2055.1382304739864
0.0010053142591445398 	 2072.0411295910644
0.0010141252592283862 	 2089.0389668862244
0.0010230134826498829 	 2106.129129541387
0.0010319796062270767 	 2123.316440199549
0.001041024312709936 	 2140.598422219554
0.0010501482908323388 	 2157.977622376283
0.0010593522353645188 	 2175.4553602268306
0.0010686368471659689 	 2193.0317702482316
0.0010780028332388154 	 2210.708628847932
0.001087450906781647 	 2228.4884949598068
0.0010969817872438282 	 2246.3700966393094
0.001106596200380283 	 2264.358640047882
0.0011162948783067568 	 2282.4529124526907
0.0011260785595555722 	 2300.6562063446136
0.001135947989131858 	 2318.970731318718
0.0011459039185702845 	 2337.3975880329585
0.0011559471059922905 	 2355.9395127916832
0.0011660783161638111 	 2374.5997208496606
0.0011762983205535179 	 2393.3782334380403
0.0011866078973915566 	 2412.2806969665735
0.0011970078317288131 	 2431.3070838317285
0.0012074989154966921 	 2450.4613805448585
0.0012180819475674188 	 2469.7465846898117
0.0012287577338148776 	 2489.1646314819554
0.0012395270871759685 	 2508.719023532595
0.0012503908277125171 	 2528.4134691597337
0.0012613497826737168 	 2548.2489776094435
0.0012724047865591247 	 2568.2314049965285
0.001283556681182204 	 2588.3615460491856
0.0012948063157344313 	 2608.6437292193255
0.0013061545468499535 	 2629.0813322928184
0.0013176022386708229 	 2649.67667770677
0.0013291502629127997 	 2670.4335268795794
0.0013407994989317283 	 2691.3555871938233
0.0013525508337905046 	 2712.444234269394
0.001364405162326615 	 2733.704970832861
0.001376363387220283 	 2755.138731880754
0.0013884264190632033 	 2776.7495147663385
0.0014005951764278805 	 2798.5403573266008
0.001412870585937583 	 2820.5132164138176
0.0014252535823368925 	 2842.6713170415437
0.0014377451085628907 	 2865.017587854694
0.0014503461158169592 	 2887.5528973510845
0.001463057563637211 	 2910.2815869577194
0.0014758804199715566 	 2933.2038394936185
0.0014888156612514164 	 2956.322460096746
0.0015018642724660648 	 2979.6392711476597
0.0015150272472376413 	 3003.154988693326
0.001528305587896811 	 3026.8714260455877
0.0015417003055590872 	 3050.789907983959
0.0015552124202018337 	 3074.909931413648
0.0015688429607419222 	 3099.2339141008524
0.0015825929651140903 	 3123.7604997225435
0.001596463480349975 	 3148.490595261776
0.0016104555626578405 	 3173.4241458172405
0.0016245702775030126 	 3198.5600234522944
0.001638808699689002 	 3223.8980917228505
0.0016531719134393538 	 3249.437639874254
0.0016676610124802078 	 3275.176396659905
0.001682277100123582 	 3301.1146172334506
0.0016970212893513926 	 3327.2492158024006
0.0017118947029001964 	 3353.57915303179
0.0017268984733466901 	 3380.1025580872347
0.0017420337431939528 	 3406.8166404012313
0.0017573016649584444 	 3433.7196223052233
0.0017727034012577662 	 3460.8092225842606
0.0017882401248991969 	 3488.0819615331257
0.0018039130189689912 	 3515.536686228327
0.0018197232769224733 	 3543.1694307114267
0.0018356721026749167 	 3570.9782290953376
0.0018517607106932157 	 3598.9605482657153
0.0018679903260883726 	 3627.1132221358635
0.0018843621847087768 	 3655.4342512861563
0.0019008775332343174 	 3683.92134701938
0.001917537629271315 	 3712.571464876654
0.0019343437414482824 	 3741.383840719768
0.0019512971495125363 	 3770.355477336204
0.001968399144427635 	 3799.4854352118423
0.00198565102847169 	 3828.772527738807
0.0020030541153365313 	 3858.215260600857
0.0020206097302277386 	 3887.8134830279128
0.002038319209965554 	 3917.56698192937
0.002056183903086685 	 3947.4751749149505
0.0020742051699469788 	 3977.5397020959394
0.0020923843828250205 	 4007.760434561486
0.002110722926026626 	 4038.1392733446273
0.0021292221959902514 	 4068.678050163982
0.0021478836013933376 	 4099.378443142593
0.0021667085632595656 	 4130.24345683191
0.002185698515067071 	 4161.276045660572
0.0022048549028576 	 4192.4789019190375
0.002224179185346618 	 4223.856637440272
0.002243672834034399 	 4255.412222338696
0.0022633373333180613 	 4287.150322492485
0.00228317418060461 	 4319.075362695047
0.002303184886424961 	 4351.191404245943
0.0023233709745489597 	 4383.503451104197
0.002343733982101423 	 4416.016102635514
0.0023642754596791744 	 4448.733407329204
0.0023849969714691273 	 4481.6606929979
0.0024059000953673914 	 4514.801390526372
0.0024269864230994274 	 4548.159976279123
0.0024482575603412484 	 4581.740203304637
0.0024697151268417003 	 4615.544975627841
0.002491360756545787 	 4649.577530743112
0.0025131960977191016 	 4683.840174005267
0.002535222813073334 	 4718.334230501543
0.002557442579892882 	 4753.061631571893
0.002579857090162582 	 4788.022141669091
0.002602468050696534 	 4823.216020880829
0.002625277183268084 	 4858.642483066893
0.0026482862247409274 	 4894.299647492509
0.002671496927201367 	 4930.185688152547
0.002694911058091741 	 4966.297732518293
0.002718530400344991 	 5002.631971704296
0.0027423567525204427 	 5039.185117170221
0.0027663919289407576 	 5075.952055586171
0.0027906377598300885 	 5112.928328817847
0.0028150960914534464 	 5150.108852250584
0.002839768786257299 	 5187.4879810665925
0.002864657723011376 	 5225.0606574535095
0.0028897647969517433 	 5262.821479288222
0.002915091919925118 	 5300.764940444681
0.0029406410205344504 	 5338.886758342505
0.002966414044285791 	 5377.181864842092
0.002992412953736423 	 5415.646661406216
0.003018639728644314 	 5454.277886211682
0.0030450963661188715 	 5493.072677455455
0.0030717848807730102 	 5532.02958959421
0.0030987073048765767 	 5571.147675510304
0.0031258656885110817 	 5610.426674122581
0.0031532620997258226 	 5649.868054940771
0.0031808986246953572 	 5689.47312114769
0.003208777367878356 	 5729.244875581388
0.0032369004521778685 	 5769.186832277604
0.0032652700191029547 	 5809.30289381169
0.003293888228931772 	 5849.598076250309
0.00332275726087607 	 5890.077455350325
0.0033518793132471325 	 5930.746171769644
0.003381256603623173 	 5971.6101310239765
0.0034108913690182093 	 6012.674142954338
0.0034407858660523874 	 6053.943422711015
0.0034709423711238325 	 6095.422382251109
0.003501363180581987 	 6137.114420663995
0.003532050610902468 	 6179.022517951815
0.003563006998863479 	 6221.148247733552
0.003594234701723726 	 6263.491847607626
0.003625736097401932 	 6306.052896659065
0.003657513584657908 	 6348.828805343824
0.0036895695832752083 	 6391.816343905097
0.0037219065342454075 	 6435.010791211375
0.0037545268999539506 	 6478.406031075489
0.003787433164367679 	 6521.995405896729
0.003820627833223969 	 6565.771150978155
0.003854113434221543 	 6609.724839772053
0.003887892517212941 	 6653.848313832673
0.003921967654398703 	 6698.132682330986
0.003956341440523212 	 6742.5699904250305
0.003991016493072294 	 6787.152706587968
0.004025995452472531 	 6831.874004971994
0.004061280982292317 	 6876.72865098677
0.0040968757694447 	 6921.71250440593
0.00413278252439196 	 6966.822875930476
0.0041690039813520215 	 7012.059168473928
0.004205542898506653 	 7057.42172940522
0.004242402058211494 	 7102.912982621725
0.004279584267207936 	 7148.536522917103
0.0043170923568368325 	 7194.296865640517
0.004354929183254109 	 7240.199693055966
0.004393097627648257 	 7286.25082436065
0.004431600596459712 	 7332.455998503447
0.004470441021602206 	 7378.820911522636
0.004509621860685985 	 7425.349759202581
0.004549146097243055 	 7472.045911820608
0.004589016740954356 	 7518.910893381239
0.004629236827878948 	 7565.944109890659
0.0046698094206851955 	 7613.143190664233
0.004710737608883999 	 7660.503343471221
0.004752024509064028 	 7708.017638502486
0.0047936732651290585 	 7755.677635797719
0.004835687048537373 	 7803.472827676312
0.004878069058543252 	 7851.392064915813
0.0049208225224406125 	 7899.423500600768
0.004963950695808726 	 7947.555196773962
0.005007456862760145 	 7995.776204994198
0.005051344336190778 	 8044.076616288687
0.005095616458032148 	 8092.448282756076
0.005140276599505899 	 8140.88558110031
0.005185328161380477 	 8189.384873030692
0.005230774574230103 	 8237.945449561505
0.0052766192986960095 	 8286.56886701213
0.005322865825749951 	 8335.258632218365
0.005369517676960033 	 8384.02010805704
0.005416578404758895 	 8432.859350236697
0.005464051592714179 	 8481.782522011377
0.0055119408558014435 	 8530.795369661788
0.00556024984067942 	 8579.9017057379
0.0056089822259677 	 8629.1034648432
0.005658141722526868 	 8678.399654269004
0.005707732073741052 	 8727.786025578103
0.005757757055802985 	 8777.255376550067
0.0058082204780015535 	 8826.797316388489
0.005859126183011863 	 8876.398955178835
0.005910478047187866 	 8926.045925319204
0.005962279980857507 	 8975.722712829816
0.006014535928620508 	 9025.414420175888
0.006067249869648733 	 9075.10740123766
0.0061204258179891865 	 9124.790246127714
0.006174067822869702 	 9174.454876568925
0.006228179969007245 	 9224.096583329954
0.006282766376918971 	 9273.714274300284
0.006337831203236 	 9323.310361276905
0.0063933786410199245 	 9372.88947321633
0.006449412920082097 	 9422.45801016911
0.006505938307305756 	 9472.022446644705
0.006562959106970883 	 9521.587958182692
0.006620479661082005 	 9571.157411538621
0.0066785043496988186 	 9620.729919350964
0.006737037591269705 	 9670.300329273414
0.006796083842968225 	 9719.859241593784
0.006855647601032476 	 9769.39290158499
0.006915733401107495 	 9818.88468081895
0.006976345818590636 	 9868.316091351106
0.007037489468979968 	 9917.668462331214
0.007099169008225756 	 9966.924946867344
0.007161389133084973 	 10016.071746815973
0.007224154581478959 	 10065.099430210914
0.007287470132854209 	 10114.003653687854
0.007351340608546309 	 10162.784562929808
0.007415770872147069 	 10211.446385510068
0.007480765829874894 	 10259.99555325664
0.007546330430948352 	 10308.438722524661
0.007612469667963059 	 10356.78087304383
0.0076791885772718605 	 10405.023043352387
0.0077464922393683175 	 10453.16105078916
0.007814385779273616 	 10501.18500381115
0.00788287436692678 	 10549.079244179227
0.007951963217578368 	 10596.824080055267
0.008021657592187613 	 10644.397567452892
0.008091962797823007 	 10691.778062637262
0.00816288418806647 	 10738.947001169674
0.008234427163420955 	 10785.890723321962
0.008306597171721719 	 10832.601838264918
0.008379399708551153 	 10879.079397836247
0.008452840317657256 	 10925.327353372431
0.008526924591375808 	 10971.352665091234
0.008601658171056159 	 11017.162055904302
0.00867704674749085 	 11062.758930848368
0.008753096061348931 	 11108.14100579983
0.008829811903613118 	 11153.298595975317
0.008907200116020733 	 11198.21478576595
0.008985266591508594 	 11242.867150730914
0.009064017274661683 	 11287.230382761829
0.00914345816216585 	 11331.280296256438
0.009223595303264448 	 11374.997147996779
0.009304434800218945 	 11418.368274814726
0.009385982808773646 	 11461.389263476478
0.009468245538624374 	 11504.062743278255
0.009551229253891376 	 11546.395685273028
0.009634940273596293 	 11588.395427868554
0.009719384972143343 	 11630.065077667312
0.009804569779804753 	 11671.400355402722
0.009890501183210347 	 11712.3877380255
0.009977185725841537 	 11753.005223902317
0.010064630008529571 	 11793.225566953206
0.01015284068995819 	 11833.02074710671
0.010241824487170648 	 11872.36712553842
0.010331588176081213 	 11911.249482076899
0.01042213859199115 	 11949.66242131595
0.010513482630109185 	 11987.609356145944
0.010605627246076573 	 12025.098279901425
0.010698579456496776 	 12062.136113426272
0.010792346339469717 	 12098.723235845375
0.010886935035130808 	 12134.849552286276
0.010982352746194614 	 12170.494060297564
0.011078606738503345 	 12205.627952335857
0.011175704341580146 	 12240.220203556899
0.011273652949187186 	 12274.244561675703
0.011372460019888718 	 12307.68473289117
0.011472133077619002 	 12340.536401789821
0.011572679712255236 	 12372.805078196128
0.011674107580195542 	 12404.499948198014
0.01177642440494194 	 12435.626314774998
0.01187963797768849 	 12466.179134597314
0.0119837561579146 	 12496.140041321361
0.01208878687398346 	 12525.479838582449
0.012194738123745814 	 12554.165044667829
0.01230161797514895 	 12582.166589144059
0.012409434566851053 	 12609.467106428676
0.01251819610884098 	 12636.063350751361
0.012627910883063394 	 12661.962875346071
0.01273858724404942 	 12687.175824527516
0.012850233619552863 	 12711.705039470924
0.0129628585111919 	 12735.539361790212
0.01307647049509652 	 12758.652734701926
0.013191078222561527 	 12781.010326187417
0.01330669042070534 	 12802.579111373854
0.013423315893134563 	 12823.33780054397
0.013540963520614312 	 12843.28162866924
0.013659642261744499 	 12862.419091099304
0.013779361153642013 	 12880.76168955854
0.013900129312628844 	 12898.312018703573
0.014021955934926313 	 12915.055755775988
0.014144850297355302 	 12930.962451886708
0.01426882175804268 	 12945.99513621312
0.014393879757133929 	 12960.12371852707
0.01452003381751194 	 12973.335284453016
0.014647293545522187 	 12985.63504848105
0.014775668631704245 	 12997.036782875863
0.014905168851529657 	 13007.548142283376
0.015035804066146368 	 13017.158854431085
0.015167584223129577 	 13025.839472944568
0.015300519357239252 	 13033.552000789137
0.01543461959118427 	 13040.266188505699
0.015569895136393178 	 13045.971763694664
0.015706356293791853 	 13050.67825517873
0.01584401345458782 	 13054.401752335712
0.015982877101061544 	 13057.147077658914
0.016122957807364675 	 13058.896813436091
0.016264266240325172 	 13059.615479110998
0.016406813160259597 	 13059.26671350126
0.016550609421792508 	 13057.831733966239
0.016695665974682965 	 13055.316026405346
0.016841993864658383 	 13051.738520284858
0.016989604234255582 	 13047.11034539515
0.017138508323669307 	 13041.419093984949
0.017288717471608147 	 13034.63070875063
0.01744024311615792 	 13026.708757058295
0.017593096795652664 	 13017.636568219556
0.0177472901495533 	 13007.42424571757
0.017902834919333876 	 12996.094199612065
0.01805974294937573 	 12983.656057904189
0.01821802618786935 	 12970.091751543272
0.018377696687724224 	 12955.364507389708
0.018538766607486677 	 12939.44477951649
0.01870124821226565 	 12922.331058422813
0.018865153874666706 	 12904.046326128946
0.019030496075734187 	 12884.612038645191
0.019197287405901556 	 12864.0231073911
0.01936554056595021 	 12842.247674470587
0.019535268367976547 	 12819.253150308044
0.0197064837363676 	 12795.03446497484
0.019879199708785242 	 12769.616142410168
0.020053429437158907 	 12743.02499793427
0.020229186188687107 	 12715.260117874934
0.020406483346847738 	 12686.291340780775
0.020585334412417118 	 12656.089442484888
0.02076575300449814 	 12624.656840249709
0.020947752861557242 	 12592.025116473513
0.021131347842470616 	 12558.220747705685
0.021316551927579537 	 12523.236151480163
0.021503379219754874 	 12487.039814456219
0.021691843945471075 	 12449.615439901801
0.021881960455889405 	 12410.984889777556
0.022073743227950787 	 12371.186686222092
0.022267206865478218 	 12330.234338075124
0.022462366100288764 	 12288.1054365851
0.022659235793315358 	 12244.776804574534
0.022857830935738493 	 12200.26237924942
0.02305816665012767 	 12154.604709203357
0.023260258191593042 	 12107.829359871112
0.02346412094894698 	 12059.922046669606
0.023669770445875923 	 12010.860933747948
0.0238772223421225 	 11960.661437367871
0.024086492434677944 	 11909.370595367602
0.02429759665898499 	 11857.016869864023
0.024510551090151402 	 11803.586617223045
0.02472537194417393 	 11749.063853218837
0.024942075579173252 	 11693.476531655311
0.025160678496639503 	 11636.878357117128
0.02538119734268888 	 11579.290633909817
0.025603648909331207 	 11520.693915304155
0.02582805013574859 	 11461.086567473068
0.02605441810958528 	 11400.519568792082
0.026282770068248928 	 11339.047743444515
0.026513123400223076 	 11276.672404465095
0.02674549564639136 	 11213.371802430838
0.026979904501373105 	 11149.174478838464
0.027216367814870784 	 11084.152740912374
0.02745490359302925 	 11018.341959252064
0.027695529999806814 	 10951.721695254944
0.02793826535835841 	 10884.294693949576
0.0281831281524309 	 10816.12789571626
0.028430137027770478 	 10747.282242448277
0.028679310793542617 	 10677.756503425426
0.028930668423764253 	 10607.546042597663
0.02918422905874862 	 10536.704879688736
0.02944001200656284 	 10465.295084824762
0.029698036744498026 	 10393.327019859242
0.029958322920552605 	 10320.809939244193
0.03022089035492833 	 10247.80504544472
0.030485759041539603 	 10174.365028953049
0.030752949149536007 	 10100.487368635466
0.031022481024838053 	 10026.191894937374
0.03129437519168652 	 9951.56288500899
0.03156865235420536 	 9876.652453737517
0.0318453333979782 	 9801.443340035117
0.03212443939163883 	 9725.959796125642
0.03240599158847541 	 9650.293611127749
0.03269001142804892 	 9574.488946433738
0.03297652053782581 	 9498.540163425287
0.03326554073482472 	 9422.49816596752
0.03355709402727793 	 9346.432746665034
0.03385120261630722 	 9270.348828655575
0.03414788889761432 	 9194.273389953774
0.03444717546318648 	 9118.302029499122
0.03474908510301663 	 9042.469082040856
0.03505364080683885 	 8966.751202417388
0.03536086576587905 	 8891.211149310988
0.03567078337462081 	 8815.938531672511
0.03598341723258689 	 8740.939943518122
0.0362987911461363 	 8666.240686966688
0.036616929130277 	 8591.910161330441
0.036937855410494734 	 8517.957384587738
0.0372615944245976 	 8444.410822914355
0.03758817082457702 	 8371.365480513865
0.03791760947848494 	 8298.83644614197
0.03824993547232742 	 8226.81366289376
0.03858517411197488 	 8155.377219809906
0.03892335092508919 	 8084.562081516729
0.03926449166306738 	 8014.370348990906
0.03960862230300269 	 7944.883384496299
0.039955769049662596 	 7876.119695566801
0.0403059583374842 	 7808.0587306378
0.040659216832587344 	 7740.782140779161
0.04101557143480488 	 7674.323304004775
0.04137504927973133 	 7608.680105361836
0.041737677740788987 	 7543.916914910101
0.0421034844313124 	 7480.017865811705
0.042472497206651166 	 7416.990550918999
0.04284474416629089 	 7354.9260349927345
0.04322025365599296 	 7293.805166920597
0.04359905426995312 	 7233.636296702792
0.04398117485297866 	 7174.457209465902
0.044366644502685064 	 7116.242436752107
0.04475549257171158 	 7059.058662165511
0.045147748669956446 	 7002.905023055497
0.045543442666831614 	 6947.750506876291
0.0459426046935372 	 6893.646728007384
0.04634526514535587 	 6840.555315845377
0.04675145468396754 	 6788.507999020296
0.047161204239783976 	 6737.5151102428335
0.047574545014304255 	 6687.533531631473
0.047991508482490536 	 6638.5978984693975
0.04841212639516491 	 6590.662976276745
0.048836430781427166 	 6543.745211207138
0.049264453951093655 	 6497.828962962418
0.049696228497157616 	 6452.87978236197
0.05013178729827116 	 6408.907759236597
0.05057116352124877 	 6365.856125990068
0.051014390623593 	 6323.731456140459
0.05146150235604211 	 6282.49349911496
0.05191253276514007 	 6242.116249236716
0.052367516195829286 	 6202.565346667694
0.052826487294065735 	 6163.796715549584
0.0532894810094572 	 6125.7900924343185
0.053756532597924726 	 6088.489310204247
0.05422767762438707 	 6051.865225392772
0.054702951965469135 	 6015.860862818657
0.055182391812233646 	 5980.427127416159
0.05566603367293719 	 5945.511314345708
0.056153914375810195 	 5911.0709130385785
0.056646071071861245 	 5877.048719038986
0.057142541237706214 	 5843.369929042676
0.05764336267842179 	 5809.980864542438
0.0581485735304244 	 5776.83206978837
0.05865821226437426 	 5743.858037753195
0.05917231768810469 	 5710.974169707455
0.05969092894957725 	 5678.11763859575
0.060214085539862953 	 5645.234829840286
0.06074182729614914 	 5612.25926356817
0.06127419440477329 	 5579.107648382841
0.06181122740428286 	 5545.702594264325
0.06235296718852232 	 5511.980872449724
0.0628994550097472 	 5477.885086520298
0.06345073248176518 	 5443.346047027578
0.064006841583105 	 5408.282425825311
0.06456782466021309 	 5372.623866073965
0.06513372443067794 	 5336.3183605894255
0.06570458398648325 	 5299.3098824274775
0.06628044679728899 	 5261.528549560212
0.06686135671374165 	 5222.911816578479
0.06744735797081347 	 5183.413714614453
0.06803849519117063 	 5142.99082695681
0.06863481338857125 	 5101.595572444939
0.06923635797129321 	 5059.184467388
0.06984317474559165 	 5015.722694586153
0.07045530991918725 	 4971.185020866388
0.07107281010478464 	 4925.553452757753
0.07169572232362192 	 4878.80945208203
0.07232409400905139 	 4830.93605971496
0.0729579730101512 	 4781.934413631595
0.0735974075953691 	 4731.821636981963
0.07424244645619811 	 4680.607171670261
0.07489313871088392 	 4628.296171813888
0.07554953390816552 	 4574.921557019206
0.07621168203104793 	 4520.540035115245
0.07687963350060838 	 4465.1924105494645
0.07755343917983591 	 4408.906851014062
0.0782331503775042 	 4351.745952689818
0.07891881885207891 	 4293.806083437369
0.07961049681565868 	 4235.16350885366
0.08030823693795112 	 4175.868849572463
0.08101209235028363 	 4116.005143110788
0.08172211664964887 	 4055.7007264085382
0.08243836390278633 	 3995.068044041971
0.0831608886502994 	 3934.179870233551
0.08388974591080824 	 3873.128224351757
0.0846249911851397 	 3812.056882612753
0.08536668046055328 	 3751.105995785284
0.0861148702150045 	 3690.3693974098214
0.08686961742144576 	 3629.939901250768
0.08763097955216442 	 3569.9562169620076
0.08839901458315934 	 3510.5672453432776
0.08917378099855568 	 3451.8813482152873
0.0899553377950581 	 3393.987931363164
0.09074374448644355 	 3337.00429619247
0.09153906110809283 	 3281.063752526547
0.09234134822156219 	 3226.2730734140664
0.09315066691919521 	 3172.7141957507324
0.09396707882877448 	 3120.47598434323
0.09479064611821461 	 3069.6551568608816
0.09562143150029627 	 3020.3338736507562
0.09645949823744132 	 2972.577953905933
0.0973049101465305 	 2926.4470305838017
0.0981577316037626 	 2881.9903648352324
0.0990180275495566 	 2839.2449016601
0.09988586349349711 	 2798.2459835624877
0.10076130551932219 	 2759.021923775444
0.10164442028995596 	 2721.5742496539574
0.10253527505258463 	 2685.885521775733
0.10343393764377715 	 2651.945326234598
0.10434047649465095 	 2619.7422273717466
0.10525496063608282 	 2589.2343254630364
0.10617745970396536 	 2560.3547124764737
0.10710804394450961 	 2533.039306483648
0.10804678421959417 	 2507.224966004422
0.10899375201216119 	 2482.828873660995
0.1099490194316596 	 2459.7487562044926
0.11091265921953611 	 2437.8733632894614
0.11188474475477424 	 2417.082316658289
0.11286535005948203 	 2397.2494594203285
0.11385454980452868 	 2378.250131769103
0.11485241931523048 	 2359.9492139314466
0.11585903457708666 	 2342.1861254921764
0.11687447224156565 	 2324.7941957774156
0.11789880963194176 	 2307.6304643389226
0.1189321247491833 	 2290.561807254495
0.11997449627789203 	 2273.4278599063546
0.12102600359229493 	 2256.0490439168843
0.12208672676228835 	 2238.272755524637
0.12315674655953517 	 2219.983438926175
0.12423614446361522 	 2201.0633597411575
0.12532500266823 	 2181.3716902304923
0.12642340408746136 	 2160.776775944682
0.12753143236208542 	 2139.193402007963
0.12864917186594133 	 2116.5714450431074
0.1297767077123564 	 2092.8559572674726
0.13091412576062716 	 2067.98355647697
0.13206151262255753 	 2041.9240528927405
0.13321895566905373 	 2014.70039755541
0.1343865430367778 	 1986.3552745713155
0.1355643636348588 	 1956.9253231195132
0.13675250715166304 	 1926.4659392571828
0.13795106406162363 	 1895.0734894855507
0.13916012563213004 	 1862.863664276761
0.14037978393047768 	 1829.9565020969724
0.14161013183087892 	 1796.496876880352
0.1428512630215349 	 1762.6528144845615
0.14410327201176987 	 1728.5801225649923
0.145366254139228 	 1694.4276922698607
0.14664030557713276 	 1660.3813416911235
0.1479255233416107 	 1626.650655571167
0.14922200529907853 	 1593.4053978184602
0.15052985017369597 	 1560.7756403822
0.15184915755488296 	 1528.9156372636512
0.15318002790490337 	 1498.0095506809246
0.15452256256651486 	 1468.2053512916877
0.15587686377068596 	 1439.5919559383642
0.15724303464438077 	 1412.2483105081724
0.15862117921841176 	 1386.2694972784584
0.1600114024353615 	 1361.7311233185626
0.16141381015757383 	 1338.6601625762833
0.162828509175215 	 1317.0532363104421
0.16425560721440563 	 1296.8992764920908
0.16569521294542353 	 1278.1694284792547
0.16714743599097895 	 1260.8011307846991
0.16861238693456207 	 1244.7099677503097
0.17009017732886358 	 1229.8056993739942
0.17158091970426909 	 1215.9742016625737
0.1730847275774284 	 1203.0568925477733
0.1746017154598992 	 1190.8847242039847
0.17613199886686703 	 1179.3228055629636
0.1776756943259414 	 1168.2351702107735
0.17923291938602917 	 1157.4206994676194
0.1808037926262857 	 1146.6523745436082
0.18238843366514423 	 1135.774585322896
0.18398696316942462 	 1124.687950169439
0.18559950286352192 	 1113.2461812834554
0.1872261755386753 	 1101.2565617716098
0.18886710506231838 	 1088.5889442816795
0.19052241638751147 	 1075.2056306710735
0.1921922355624564 	 1061.0778269879368
0.19387668974009492 	 1046.1469878784599
0.19557590718779094 	 1030.383905468446
0.1972900172970979 	 1013.8307166734122
0.1990191505936117 	 996.5687153330517
0.20076343874690983 	 978.6836125163999
0.20252301458057767 	 960.2776478373164
0.204298012082323 	 941.485531444801
0.20608856641417825 	 922.4554470845229
0.20789481392279355 	 903.3310851695403
0.20971689214981862 	 884.2714380037817
0.21155493984237664 	 865.4627710980892
0.21340909696362903 	 847.0745457889343
0.21527950470343404 	 829.2202343608471
0.21716630548909738 	 811.9952928036132
0.21906964299621828 	 795.527249152232
0.22098966215962948 	 779.9426266989391
0.22292650918443416 	 765.3001507453436
0.22488033155713902 	 751.5911726862239
0.2268512780568849 	 738.7915153292838
0.22883949876677603 	 726.890064216783
0.23084514508530862 	 715.8729104098607
0.2328683697378995 	 705.6789337802359
0.23490932678851567 	 696.171795119988
0.23696817165140596 	 687.1899727269387
0.23904506110293558 	 678.6280155104785
0.2411401532935243 	 670.4117820166789
0.24325360775968913 	 662.3966668140342
0.24538558543619252 	 654.3806285712992
0.24753624866829768 	 646.2282109994156
0.24970576122413018 	 637.8869380518178
0.25189428830714916 	 629.2782263900577
0.2541019965687265 	 620.2827630455054
0.25632905412083756 	 610.8484645953506
0.2585756305488621 	 601.0105117913748
0.2608418969244984 	 590.7900237066373
0.26312802581878886 	 580.1734162882037
0.2654341913152623 	 569.2172103149213
0.2677605690231889 	 558.0758746533484
0.27010733609095333 	 546.8773852985556
0.2724746712195431 	 535.6551357374674
0.27486275467615745 	 524.4670736863297
0.27727176830793354 	 513.4942417367077
0.27970189555579383 	 502.9192339137582
0.2821533214684149 	 492.7761623037323
0.28462623271631804 	 483.0337646756336
0.2871208176060843 	 473.75621539877113
0.2896372660946934 	 465.0507855134638
0.2921757698039885 	 456.913997274854
0.29473652203526757 	 449.25273509209956
0.29731971778400323 	 442.00546434580883
0.2999255537546911 	 435.14045897329305
0.30255422837582824 	 428.5865582744815
0.30520594181502303 	 422.2444445636659
0.3078808959942377 	 416.02457832623344
0.31057929460516415 	 409.83970322786587
0.31330134312473445 	 403.6097248827906
0.31604724883076757 	 397.2838430629662
0.3188172208177531 	 390.8211696034243
0.32161147001277357 	 384.17851699278594
0.3244302091915653 	 377.3554396813642
0.32727365299472183 	 370.4028927000227
0.3301420179440375 	 363.35568976763716
0.33303552245899554 	 356.2184080048498
0.33595438687339985 	 349.0439893282928
0.3388988334521535 	 341.9522975516587
0.3418690864081829 	 335.0325967287792
0.34486537191951194 	 328.28945836327415
0.34788791814648423 	 321.724735889364
0.35093695524913754 	 315.4111703788976
0.3540127154047295 	 309.42253314132734
0.35711543282541774 	 303.7362174077413
0.3602453437760943 	 298.27799362010165
0.3634026865923772 	 293.02431871261615
0.3665877016987583 	 287.98049688905627
0.36980063162691196 	 283.0986554390874
0.3730417210341626 	 278.30026575460903
0.37631121672211537 	 273.5410580023163
0.37960936765544906 	 268.7936056754532
0.3829364249808743 	 264.02063320300385
0.3862926420462582 	 259.2073394929533
0.3896782744199155 	 254.36343653222065
0.3930935799100704 	 249.48559799810357
0.3965388185844871 	 244.57876541990487
0.4000142527902743 	 239.69260168560697
0.4035201471738617 	 234.87646271274775
0.4070567687011524 	 230.13619568687898
0.41062438667785195 	 225.4807580534371
0.41422327276997495 	 220.95780662317483
0.4178537010245323 	 216.60390667100515
0.4215159478903988 	 212.4062465403248
0.4252102922393644 	 208.33658995741962
0.42893701538736967 	 204.38456579029875
0.43269640111592705 	 200.5456366998767
0.43648873569373065 	 196.80325818030488
0.44031430789845444 	 193.12942475996775
0.4441734090387423 	 189.4920985893335
0.44806633297639065 	 185.8667959836307
0.4519933761487252 	 182.24990481112212
0.4559548375911737 	 178.65580646213633
0.4599510189600373 	 175.09395250333753
0.46398222455546073 	 171.55715053800273
0.46804876134460427 	 168.04443735521318
0.472150938985018 	 164.5823652114434
0.4762890698482225 	 161.20189626639237
0.48046346904349413 	 157.9081807599257
0.48467445444186114 	 154.69435153770814
0.48892234670030743 	 151.56179028750896
0.49320746928619114 	 148.50756804663183
0.4975301485018749 	 145.52123800663554
0.5018907135095739 	 142.60189179180216
0.5062894963564202 	 139.7460319047228
0.5107268319997476 	 136.9290395139108
0.5152030583325979 	 134.13229343125906
0.519718516209451 	 131.36553771838896
0.5242735494721791 	 128.63926059658564
0.5288685049762312 	 125.9485792009896
0.5335037326170436 	 123.29416088335174
0.538179585356685 	 120.68417078407259
0.5428964192507328 	 118.1192980049188
0.5476545934753867 	 115.60196310677023
0.5524544703548184 	 113.14376354765733
0.5572964153887625 	 110.7472790572842
0.5621807972803479 	 108.40058716348284
0.5671079879641738 	 106.09511952320393
0.5720783626346323 	 103.83038514058364
0.5770922997744776 	 101.60410490625068
0.5821501811836475 	 99.41304863518138
0.5872523920083357 	 97.25787029325446
0.5923993207703209 	 95.13783051409804
0.597591359396551 	 93.04872452506001
0.6028289032489875 	 90.99100740474942
0.6081123511547122 	 88.97099373176627
0.6134421054362958 	 86.9918794492988
0.6188185719424347 	 85.0521117864869
0.6242421600788556 	 83.15140480516808
0.6297132828394896 	 81.28926654723288
0.6352323568379225 	 79.46073402162929
0.6407998023391174 	 77.66215052717618
0.6464160432914179 	 75.89601711591249
0.6520815073588304 	 74.16360304611256
0.65779662595359 	 72.46116366487774
0.6635618342690109 	 70.78745007192124
0.6693775713126268 	 69.14443105389958
0.6752442799396183 	 67.53085927348629
0.6811624068865374 	 65.94546769247751
0.687132402805324 	 64.39101041848383
0.6931547222976225 	 62.86780998126076
0.6992298239493989 	 61.372676325033176
0.7053581703658609 	 59.90569503716606
0.7115402282066842 	 58.46755159574566
0.7177764682215473 	 57.054942139374155
0.7240673652859788 	 55.66658385325216
0.7304133984375175 	 54.3046880291571
0.7368150509121899 	 52.9684125442341
0.7432728101813079 	 51.65599975793732
0.7497871679885885 	 50.369111518091664
0.7563586203875992 	 49.107754296978925
0.7629876677795306 	 47.86935552839408
0.769674814951302 	 46.65438038976462
0.7764205711139984 	 45.463697626984604
0.7832254499416472 	 44.2947267973567
0.7900899696103322 	 43.1465871447254
0.7970146528376517 	 42.02123471194709
0.8040000269225231 	 40.917971809002154
0.8110466237853344 	 39.83496133585738
0.8181549800084498 	 38.77295416016569
0.8253256368770677 	 37.731967582366984
0.8325591404204403 	 36.710476604339746
0.8398560414534512 	 35.70896458750292
0.8472168956185584 	 34.72772696700672
0.8546422634281068 	 33.76469584146261
0.8621327103070083 	 32.81954995161258
0.8696888066357984 	 31.89376802560369
0.8773111277940694 	 30.98654473883008
0.8850002542042841 	 30.096496416179196
0.8927567713759732 	 29.224022123807075
0.9005812699503218 	 28.368993181968328
0.9084743457451441 	 27.53069363112551
0.9164365998002542 	 26.709383496331917
0.9244686384232332 	 25.904614756325103
0.9325710732355997 	 25.11525559630956
0.9407445212193818 	 24.341669402829496
0.9489896047640997 	 23.584197524651167
