###############
#    GaPSE    #
############### 
#
# Two-Point Correlation Function computation of the file: "../test/datatest/file_pk.txt"
#
# For this TPCF computation we set: 
# 	 #points used in Fourier transform N = 1024
# 	 multipole degree in consideration L = 0
# computational time needed (in s) : 0.8937
# kwards passed to "print_ξ_from_PS": 
# 		int_k_min = 0.00016369382206909112
# 		int_k_max = 10.0
# 		s0 = nothing
# 		right = nothing
# 
# s [Mpc/h_0] 	 	  xi
0.1 	 12.813736373620612
0.1010819930979112 	 12.832192256357564
0.10217569328646166 	 12.854212643494751
0.1032812272355641 	 12.881388173121467
0.10439872298569086 	 12.887356675238797
0.10552830996270349 	 12.90921077559923
0.10667011899284227 	 12.917552006217395
0.10782428231787847 	 12.943989917444041
0.1089909336104302 	 12.947720726624835
0.11017020798944405 	 12.962868629499479
0.11136224203584422 	 12.969739722774717
0.11256717380835123 	 12.986408942511233
0.11378514285947128 	 12.993831241990637
0.11501629025165915 	 12.999897934849974
0.11626075857365559 	 13.007688331188664
0.11751869195700176 	 13.015442851119353
0.11879023609273204 	 13.023831678850799
0.12007553824824779 	 13.025277872552326
0.12137474728437357 	 13.0306265879267
0.12268801367259763 	 13.034027859761284
0.12401548951249948 	 13.039331845083023
0.12535732854936552 	 13.039974044649425
0.1267136861919955 	 13.040651273001222
0.12808471953070175 	 13.042301473366194
0.12947058735550285 	 13.043324641919694
0.1308714501745145 	 13.043483522116155
0.13228747023253903 	 13.040467716721587
0.1337188115298564 	 13.039892562065177
0.13516563984121835 	 13.037966937182752
0.13662812273504785 	 13.036038031315227
0.13810642959284666 	 13.031422674536213
0.13960073162881287 	 13.027440042674042
0.14111120190967016 	 13.023907204384761
0.1426380153747123 	 13.018898430981267
0.14418134885606423 	 13.01356833267303
0.1457413810991621 	 13.006186826876263
0.14731829278345548 	 13.001111881845738
0.14891226654333306 	 12.993367276044898
0.15052348698927506 	 12.986817496307122
0.15215214072923428 	 12.976985090244398
0.15379841639024872 	 12.969748602446787
0.15546250464028794 	 12.960080068857213
0.15714459821033572 	 12.951465642197821
0.1588448919167118 	 12.940167618915913
0.16056358268363513 	 12.930183067404172
0.16230086956603101 	 12.919165504839707
0.1640569537725853 	 12.90800941706311
0.16583203868904806 	 12.895656325414139
0.16762632990178897 	 12.882913884267873
0.16944003522160817 	 12.87048135036511
0.17127336470780427 	 12.856918304852842
0.17312653069250297 	 12.843286657580991
0.17499974780524896 	 12.82819352953043
0.17689323299786375 	 12.813979124652567
0.17880720556957264 	 12.798366472334749
0.18074188719240328 	 12.782994488260423
0.18269750193685952 	 12.766007326276783
0.1846742762978725 	 12.74965585776283
0.18667243922103294 	 12.732254743704175
0.18869222212910697 	 12.714797217470645
0.19073385894883918 	 12.6961539437646
0.1927975861380453 	 12.677492619667657
0.19488364271299832 	 12.658338105373582
0.19699227027611088 	 12.63867558262563
0.19912371304391696 	 12.618343030777307
0.20127821787535663 	 12.597403152783064
0.20345603430036668 	 12.576332695895003
0.2056574145487805 	 12.554505263106098
0.2078826135795409 	 12.53228585705208
0.21013188911022895 	 12.509171989092923
0.21240550164691202 	 12.48598879152946
0.21470371451431525 	 12.462034325782664
0.21702679388631907 	 12.437710861890679
0.219375008816787 	 12.412494387236338
0.2217486312707267 	 12.38703627917499
0.2241479361557885 	 12.360936553306287
0.22657320135410455 	 12.334344071624637
0.2290247077544724 	 12.30700158079732
0.23150273928488707 	 12.279169087220774
0.2340075829454249 	 12.250836791138804
0.23653952884148322 	 12.22187516697041
0.23909887021737972 	 12.192297117605587
0.24168590349031543 	 12.16203696986302
0.24430092828470495 	 12.13134043761313
0.24694424746687843 	 12.099946227665237
0.2496161671801588 	 12.067982763829077
0.2523169968803186 	 12.035255220013415
0.2550470493714205 	 12.002057397005842
0.25780664084204535 	 11.968164861782293
0.260596090901913 	 11.933673911949679
0.26341572261889806 	 11.89842431537397
0.26626586255644746 	 11.862608981584916
0.2691468408114019 	 11.826134220526187
0.2720589910522273 	 11.788999283769975
0.2750026505576592 	 11.751147713690402
0.277978160255766 	 11.71262387657989
0.2809858647634339 	 11.673468307055924
0.28402611242628034 	 11.63360031959789
0.28709925535899816 	 11.593044270891589
0.290205649486137 	 11.551744060135587
0.2933456545833253 	 11.50981003797579
0.2965196343189393 	 11.467137503630179
0.2997279562962218 	 11.423777423843356
0.3029709920958572 	 11.379646725247403
0.3062491173190074 	 11.334851245502286
0.30956271163081306 	 11.289319325031656
0.3129121588043652 	 11.243075559485991
0.3162978467651533 	 11.196071079040555
0.319720167635994 	 11.148357453590148
0.3231795177824456 	 11.099922473339804
0.3266762978587143 	 11.050749374540741
0.3302109128540574 	 11.000835957884842
0.3337837721396878 	 10.950179145141426
0.33739528951618686 	 10.898814994069596
0.3410458832614295 	 10.846701357634444
0.34473597617902846 	 10.79386494884121
0.3484659956473023 	 10.740275081879412
0.35223637366877364 	 10.685986010627833
0.35604754692020246 	 10.630957936447526
0.35989995680316117 	 10.575219983399625
0.36379404949515676 	 10.518745849625665
0.367730276001306 	 10.461577661160515
0.37170909220656995 	 10.403701195705716
0.37573095892855335 	 10.345129506981385
0.37979634197087586 	 10.285859263791298
0.38390571217711994 	 10.225908988387307
0.3880595454853632 	 10.16529323058455
0.3922583229833004 	 10.104010914796513
0.3965025309639619 	 10.042079820320792
0.4007926609820352 	 9.979502307951698
0.40512920991079543 	 9.916311474755247
0.4095126799996524 	 9.852502692975607
0.4139435789323198 	 9.788104908122643
0.418422419885614 	 9.723117555644869
0.4229497215888894 	 9.65757925562042
0.42752600838411575 	 9.59149314886574
0.43215181028660715 	 9.524888405696277
0.4368276630464065 	 9.457775114179698
0.44155410821033547 	 9.390186232291692
0.4463316931847146 	 9.32214078569858
0.45116097129876337 	 9.253662532093237
0.4560425018686851 	 9.184777145934245
0.46097685026244584 	 9.115510390525834
0.46596458796525386 	 9.045895320425629
0.47100629264574834 	 8.97595405617968
0.4761025482229026 	 8.905722687257834
0.4812539449336537 	 8.835225661719488
0.4864610794012612 	 8.76450442834621
0.4917245547044072 	 8.693583884993908
0.49704498044704337 	 8.622505314844567
0.5024229728289944 	 8.551297644737792
0.5078591547173245 	 8.480004122897563
0.513354155718476 	 8.408657046607194
0.5189086122511902 	 8.337297798096142
0.5245231676202148 	 8.265962808572635
0.5301984720908107 	 8.194693716986727
0.535935182964064 	 8.12353071361779
0.5417339646530128 	 8.052513597403355
0.5475954887595992 	 7.981685161682929
0.553520434152451 	 7.911085043153447
0.5595094870455086 	 7.840758580596305
0.5655633410774994 	 7.770744383344714
0.571682697392274 	 7.701087834636052
0.5778682647200108 	 7.631827883178073
0.5841207594593006 	 7.56300971175951
0.5904409057601167 	 7.494672133741649
0.5968294356076854 	 7.426858320194669
0.603287088907263 	 7.3596066800670705
0.6098146135698289 	 7.292958605748055
0.6164127655987084 	 7.226951896363631
0.6230823091771298 	 7.161624429782967
0.6298240167567322 	 7.097012331085303
0.636638669147027 	 7.033150366284918
0.6435270556058316 	 6.970072393787401
0.6504899739306778 	 6.9078090828776455
0.657528230551212 	 6.84639089589945
0.6646426406225936 	 6.785844414612798
0.6718340281199048 	 6.726196049449752
0.6791032259335809 	 6.667467472932035
0.6864510759658745 	 6.609680025923335
0.6938784292283624 	 6.552850283039681
0.701386145940508 	 6.496994018440853
0.7089750956292895 	 6.442122317311431
0.7166461572299078 	 6.3882445920521
0.7244002191875811 	 6.33536590835812
0.7322381795604445 	 6.283488999751908
0.740160946123559 	 6.23261270388207
0.7481694364740503 	 6.182732676907403
0.7562645781373805 	 6.133841362273208
0.7644473086747743 	 6.0859273348622915
0.772718575791803 	 6.038976262006926
0.7810793374481482 	 5.992969673345172
0.7895305619685475 	 5.947886610878494
0.7980732281549465 	 5.9037019346642285
0.8067083253998603 	 5.860388083431999
0.8154368538009615 	 5.817913602571779
0.8242598242769124 	 5.776244757925079
0.8331782586844434 	 5.735344371257996
0.8421931899367059 	 5.695173021509907
0.8513056621228989 	 5.655688560202194
0.8605167306291961 	 5.616846732733722
0.8698274622609748 	 5.578601158195138
0.879238935366375 	 5.540903658108983
0.8887522399611868 	 5.503704587637981
0.8983684778550982 	 5.46695299379114
0.9080887627793001 	 5.43059706360484
0.9179142205154793 	 5.394584179929694
0.9278459890262021 	 5.35886150730924
0.9378852185867116 	 5.3233759932915286
0.948033071918149 	 5.288075106435523
0.958290724322219 	 5.252906618557991
0.9686593638173084 	 5.217819432922844
0.9791401912760824 	 5.182763453929621
0.9897344205645638 	 5.147690280266185
1.000443278682724 	 5.112553193656061
1.0112680059065873 	 5.077307626989438
1.022209855931881 	 5.0419113576893
1.0332700960192318 	 5.0063248277735735
1.0444500071409404 	 4.970511373848357
1.0557508841293382 	 4.93443743705991
1.0671740358267543 	 4.898072885183667
1.0787207852371 	 4.861391074625195
1.090392469679099 	 4.824369233537715
1.10219044094117 	 4.786988495128145
1.1141160654379902 	 4.749234138844757
1.1261707243687493 	 4.7110957235826865
1.1383558138771155 	 4.6725672587426725
1.1506727452129368 	 4.633647265083368
1.163122944895686 	 4.594338940104828
1.1757078548796789 	 4.554650178460787
1.1884289327210764 	 4.514593697212511
1.2012876517466986 	 4.474187000193491
1.214285501224657 	 4.43345241359815
1.2274239865368444 	 4.392417046850653
1.2407046293532793 	 4.351112726801997
1.254128967808347 	 4.309575816076175
1.2676985566789378 	 4.267847106573742
1.2814149675645239 	 4.22597156998668
1.2952797890691727 	 4.1839979947661
1.3092946269855403 	 4.141978684139755
1.3234611044808455 	 4.099968957093245
1.337780862284868 	 4.058026669409258
1.3522555588799667 	 4.0162115128416875
1.3668868706931687 	 3.9745844097771945
1.3816764922903229 	 3.933206687561712
1.396626136572366 	 3.8921392289618666
1.4117375349737025 	 3.8514415884972535
1.42701243766274 	 3.8111709960312794
1.4424526137445848 	 3.7713813731018946
1.458059851465941 	 3.732122315906007
1.4738359584222165 	 3.6934381102559506
1.4897827617668786 	 3.6553667264637686
1.5059021084230666 	 3.617938950861976
1.5221958652975038 	 3.5811775779075177
1.5386659194967118 	 3.5450967324451765
1.5553141785455784 	 3.50970134753502
1.5721425706082757 	 3.4749868481881196
1.5891530447115805 	 3.440939040224978
1.6063475709706054 	 3.4075342165880405
1.6237281408169715 	 3.374739543951675
1.6412967672294532 	 3.342513655523882
1.659055484967115 	 3.3108075335800686
1.6770063508049766 	 3.2795656222649505
1.6951514437722186 	 3.2487271180276265
1.7134928653929764 	 3.218227486159241
1.7320327399297288 	 3.1880000927755465
1.750773214629331 	 3.1579779322229578
1.769716459971698 	 3.1280954030370043
1.7888646699211905 	 3.0982900346445605
1.808220062180709 	 3.0685041597770417
1.8277848784485504 	 3.038686444686689
1.8475613846780279 	 3.0087932051808792
1.8675518713399173 	 2.978789512977029
1.8877586536877258 	 2.948649988911383
1.9081840720258487 	 2.9183593356120014
1.9288304919806087 	 2.8879125184377994
1.949700304774246 	 2.857314643449621
1.9707959275018565 	 2.826580520493273
1.992119803411342 	 2.795733948694404
2.0136744021863744 	 2.764806749158843
2.0354622202324357 	 2.733837571582015
2.05748578096594 	 2.702870539364203
2.0797476351064965 	 2.671953765056046
2.1022503609723198 	 2.641137795497038
2.124996564778854 	 2.6104740090681995
2.1479888809406105 	 2.5800130265421863
2.1712299723762882 	 2.549803164643931
2.1947225308171787 	 2.519888979773626
2.2184692771189227 	 2.4903099224073126
2.2424729615766292 	 2.4610991441829517
2.2667363642434126 	 2.432282497988319
2.2912622952523702 	 2.403877766814983
2.316053595142042 	 2.3758941594344476
2.3411131351854038 	 2.348332102128485
2.3664438177224016 	 2.32118337228741
2.3920485764961046 	 2.2944315907902935
2.4179303769924747 	 2.268053085336487
2.444092216783832 	 2.242018105933983
2.4705371258760174 	 2.2162923671319663
2.49726816705933 	 2.1908388502690537
2.524288436263245 	 2.1656197809854305
2.5516010629149846 	 2.1405986591329875
2.5792092103019524 	 2.1157422182067163
2.6071160759381105 	 2.091022175830095
2.635324891934293 	 2.0664166474856134
2.6638389253725583 	 2.0419111082921577
2.6926614786845606 	 2.017498829175044
2.7217958900340418 	 1.9931807576710134
2.75124553370344 	 1.9689648625566605
2.781013820484702 	 1.9448650085226231
2.811104198074302 	 1.9208994728217592
2.8415201514725585 	 1.8970892487016082
2.872265203387247 	 1.8734562958634509
2.9033429146416023 	 1.850021886377438
2.934756884586718 	 1.826805181102715
2.9665107515184204 	 1.8038221282312483
2.9986081930986423 	 1.7810847463888444
3.03105292678137 	 1.758600793501635
3.063848710243179 	 1.7363738023816182
3.096999341818452 	 1.7144034225526432
3.1305086609392823 	 1.6926860116692106
3.164380548580157 	 1.6712153980278246
3.1986189277074395 	 1.6499837544855689
3.2332277637337143 	 1.6289825147177908
3.2682110649770624 	 1.6082032797743935
3.3035728831252835 	 1.5876386458259957
3.3393173137051657 	 1.5672828877442613
3.3754484965568077 	 1.547132419639957
3.4119706163131007 	 1.5271859680916884
3.4488879028843655 	 1.5074444092301593
3.4862046319482696 	 1.4879102634607662
3.5239251254450092 	 1.4685868971503517
3.562053752077883 	 1.4494775442295809
3.6005949278192526 	 1.4305843135853398
3.6395531164219985 	 1.4119073732051408
3.6789328299364947 	 1.3934444870191547
3.718738629233198 	 1.3751910232794637
3.758975124530858 	 1.3571404609552884
3.799646975930481 	 1.3392853105852691
3.8407588939550394 	 1.3216182700137273
3.882315640095044 	 1.304133378865385
3.9243220273599984 	 1.2868269343332244
3.9667829208358434 	 1.269697990002938
4.009703238248406 	 1.2527483511052695
4.053087950532976 	 1.2359820962161874
4.0969420824100125 	 1.219404739258875
4.141270712967109 	 1.203022205160679
4.18607897624723 	 1.1868397851925614
4.231372061843338 	 1.170861218122863
4.277155215499425 	 1.155087990276503
4.323433739718078 	 1.1395189249927569
4.37021299437459 	 1.1241501025262641
4.417498397337741 	 1.1089751509448036
4.465295425097273 	 1.0939859113434764
4.513609613398169 	 1.0791734332825427
4.5624465578817945 	 1.0645291582043763
4.611811914733962 	 1.0500460651179546
4.661711401340031 	 1.035719501788662
4.712150796947068 	 1.0215474692305566
4.763135943333204 	 1.0075302598967701
4.814672745484195 	 0.9936695477890569
4.866767172277347 	 0.9799672087456255
4.9194252571727946 	 0.9664242394967737
4.972653098912305 	 0.9530400938903273
5.0264568622256025 	 0.9398125865213346
5.080842778544369 	 0.9267383008850326
5.135817146723937 	 0.9138132792858228
5.19138633377283 	 0.9010337240651946
5.247556775590157 	 0.8883965052635525
5.304334977711015 	 0.875899382440832
5.361727516059936 	 0.8635409445958366
5.4197410377125115 	 0.8513203074527389
5.47838226166522 	 0.8392366207367182
5.5376579796136305 	 0.8272884669104575
5.597575056738979 	 0.8154733162549844
5.65814043250329 	 0.8037872723480259
5.719361121453099 	 0.7922253259257177
5.78124421403184 	 0.7807821535504591
5.843796877401056 	 0.7694532292499877
5.907026356270482 	 0.7582357939004385
5.970939973737124 	 0.7471292349329638
6.035545132133382 	 0.7361346820033345
6.100849313884382 	 0.7252540054656476
6.166860082374569 	 0.714488666530679
6.233585082823704 	 0.7038388775292113
6.30103204317228 	 0.6933033088463941
6.369208774976572 	 0.6828793232512432
6.438123174313374 	 0.672563571446921
6.507783222694468 	 0.6623527641813535
6.5781969879910465 	 0.6522444253359878
6.649372625368106 	 0.6422373823940536
6.721318378228988 	 0.6323317469016361
6.794042579170064 	 0.622528328074022
6.867553650945833 	 0.612827767463896
6.94186010744441 	 0.603229932901449
7.016970554673612 	 0.5937339798297618
7.092893691757642 	 0.5843390178357315
7.16963831194464 	 0.5750448698730674
7.247213303625073 	 0.5658523780375799
7.3256276513611995 	 0.5567630853832024
7.404890436927603 	 0.5477785519198656
7.485010840363049 	 0.5388996949199508
7.565998141033676 	 0.5301264243992722
7.647861718707752 	 0.521457708638349
7.7306110546419635 	 0.5128921306308741
7.814255732679552 	 0.504428794810533
7.898805440360269 	 0.496068107176976
7.984269970042402 	 0.48781183560719404
8.070659220036859 	 0.4796623028230888
8.157983195753593 	 0.4716212716676587
8.246252010860397 	 0.463689334724008
8.335475888454273 	 0.4558661223838393
8.4256651622454 	 0.4481509651977879
8.516830277754007 	 0.4405434575337071
8.60898179352011 	 0.43304364933939776
8.70213038232643 	 0.42565184402338957
8.796286832434438 	 0.4183681100163685
8.891462048833844 	 0.4111918428718484
8.987667054505621 	 0.4041218652074367
9.084912991698614 	 0.39715711999112163
9.183211123220032 	 0.3902972766057901
9.282572833739879 	 0.3835425222824066
9.383009631109527 	 0.3768926871048614
9.484533147694476 	 0.37034653840854553
9.587155141721633 	 0.3639017915194327
9.690887498641093 	 0.3575557111468496
9.79574223250273 	 0.3513058911114794
9.901731487347583 	 0.3451507245763184
10.008867538614387 	 0.3390891287150866
10.117162794561262 	 0.33311970419647313
10.226629797702856 	 0.3272402483635157
10.337281226262933 	 0.32144815379228747
10.44912989564277 	 0.3157410655066367
10.562188759905393 	 0.31011697858819454
10.676470913275924 	 0.30457384486084566
10.791989591658067 	 0.299109235788945
10.908758174167104 	 0.2937204212635175
11.02679018467941 	 0.28840494899877195
11.146099293398791 	 0.2831612482185774
11.266699318439699 	 0.2779884137219382
11.388604227427626 	 0.2728852953456579
11.511828139116808 	 0.2678500804261204
11.636385325025453 	 0.26288081735508223
11.762290211088583 	 0.25797611572076007
11.88955737932885 	 0.2531353458070931
12.018201569545369 	 0.2483582514491555
12.148237681020909 	 0.24364444135781566
12.279680774247403 	 0.23899352003254376
12.412546072670281 	 0.2344056206643813
12.546848964451623 	 0.22988128391660745
12.682605004252334 	 0.22542083032815233
12.819829915033688 	 0.22102424456051256
12.958539589878297 	 0.21669168481722426
13.098750093830873 	 0.21242398344079177
13.240477665758764 	 0.20822240660721988
13.38373872023275 	 0.20408781246160587
13.528549849428126 	 0.2000204647650042
13.674927825046417 	 0.19602063270768777
13.82288960025776 	 0.19208878645586308
13.972452311664439 	 0.18822523697472188
14.12363328128557 	 0.1844298865557365
14.276450018563374 	 0.18070250476721963
14.430920222390974 	 0.17704299950524782
14.587061783162316 	 0.17345088841068135
14.744892784844163 	 0.16992489909483735
14.904431507070587 	 0.16646349334872115
15.065696427259997 	 0.1630653784597122
15.228706222755207 	 0.15972926620305095
15.39347977298658 	 0.15645334100575056
15.560036161658656 	 0.1532354807717527
15.728394678960292 	 0.15007370141572984
15.898574823798876 	 0.14696591393745106
16.070596306058615 	 0.14390986489413377
16.244479048883345 	 0.14090356969604328
16.420243190983896 	 0.1379455018040698
16.597909088970578 	 0.13503403504325448
16.777497319710804 	 0.13216742129831766
16.959028682712315 	 0.12934442570990656
17.142524202532048 	 0.12656436119071776
17.328005131211203 	 0.12382668270980943
17.515492950736597 	 0.12113110097008999
17.70500937552869 	 0.11847776828907941
17.896576354956448 	 0.11586689302645888
18.090216075879468 	 0.11329881336249567
18.28595096521771 	 0.11077437414286895
18.483803692548797 	 0.1082945414725423
18.683797172733634 	 0.10585995341004341
18.885954568570323 	 0.10347126227273701
19.090299293476903 	 0.10112914564286281
19.29685501420292 	 0.09883395610978261
19.50564565357053 	 0.09658587695405105
19.716695393245164 	 0.0943848135295207
19.930028676536256 	 0.09223005918151454
20.145670211228108 	 0.09012068415519299
20.36364497244155 	 0.08805565906154256
20.583978205526492 	 0.08603344226125557
20.80669542898584 	 0.08405224499819673
21.031822437430876 	 0.08211019722835725
21.259385304568823 	 0.0802052818628894
21.489410386222588 	 0.07833568852159568
21.721924323383334 	 0.07649970825826503
21.956954045295838 	 0.07469565020003273
22.194526772577476 	 0.072922354705967
22.434670020370802 	 0.07117903172365551
22.677411601530373 	 0.06946521151072672
22.92277962984385 	 0.0677808753975338
23.17080252328816 	 0.06612624902504242
23.421509007320754 	 0.06450201161170871
23.67492811820662 	 0.06290903785920364
23.931089206381056 	 0.06134811431962498
24.190021939849075 	 0.05982013460476234
24.45175630762143 	 0.05832577762690873
24.716322623187963 	 0.056865481177406516
24.98375152802833 	 0.05543924993731706
25.254073995160862 	 0.054046622761189746
25.527321332729894 	 0.05268687331341569
25.80352518763165 	 0.05135869838189364
26.082717549179605 	 0.05006054766518993
26.364930752809382 	 0.04879061473765812
26.650197483823856 	 0.04754712376478078
26.938550781178538 	 0.04632830026105932
27.230024041308198 	 0.045132612437258995
27.524651021994693 	 0.043958982517866736
27.822465846276824 	 0.04280672973228705
28.123503006402245 	 0.041675673633689035
28.42779736782237 	 0.040566094625736744
28.735384173230372 	 0.039478720019641506
29.046299046642993 	 0.038414419091217324
29.360577997526327 	 0.03737418680228924
29.6782574249664 	 0.03635889547903877
29.99937412188483 	 0.03536909964755262
30.32396527930019 	 0.03440489051908408
30.652068490635216 	 0.03346589817676592
30.983721756070906 	 0.032551185808666415
31.31896348694758 	 0.0316593700888243
31.65783251021369 	 0.030788810701214947
32.00036807292249 	 0.029937748143282053
32.3466098467777 	 0.02910454624335475
32.696597932728075 	 0.02828794552197485
33.050372865611976 	 0.027487160608971124
33.407975618851815 	 0.026701977959273135
33.76944760919966 	 0.025932773879190647
34.134830701533915 	 0.02518032111860172
34.50416721370819 	 0.024445635710349405
34.877499921452255 	 0.023729719564281403
35.25487206332633 	 0.023033266217083296
35.63632734572895 	 0.022356501412585852
36.02190994795878 	 0.021699047368780987
36.411664527331496 	 0.021059911971597747
36.80563622435178 	 0.020437671695164004
37.20387066794157 	 0.01983065380430052
37.60641398072452 	 0.0192372682946568
38.013312784367876 	 0.01865629004208912
38.424614204982106 	 0.01808705196887773
38.84036587857903 	 0.01752957269897052
39.260615956588715 	 0.016984452382738054
39.68541311143644 	 0.01645268447114284
40.1148065421797 	 0.015935338627195088
40.54884598020652 	 0.015433203139200475
40.98758169499501 	 0.014946537918471807
41.43106449993557 	 0.014474892767281285
41.87934575821598 	 0.01401718891839122
42.33247738877026 	 0.013571908391453133
42.790511872291574 	 0.013137468381445912
43.25350225731065 	 0.012712590849032918
43.72150216633958 	 0.012296610393067902
44.19456580208248 	 0.011889608844245569
44.67274795371284 	 0.011492311888779508
45.1561040032193 	 0.011105804647062751
45.6446899318197 	 0.010731098130065363
46.13856232644497 	 0.010368737489819556
46.63777838629256 	 0.010018527827203888
47.142395929451375 	 0.009679531007606513
47.65247339959798 	 0.00935029979807984
48.168069872765614 	 0.00902931917953821
48.68924506418599 	 0.008715470738629726
49.21605933520556 	 0.008408376088940564
49.748573700276324 	 0.008108462693943715
50.28684983402259 	 0.007816727899414353
50.830950078383694 	 0.007534269322196251
51.38093744983446 	 0.0072617655360502804
51.936875646683745 	 0.006999115222215634
52.4988290564516 	 0.006745394532697108
53.06686276332661 	 0.006499167777451022
53.64104255570377 	 0.006259029832981982
54.22143493380411 	 0.0060241527463132764
54.808107117376295 	 0.005794583261158276
55.4011270534821 	 0.00557114524493212
56.00056342436574 	 0.005354969948658092
56.60648565540877 	 0.005146868574536142
57.2189639231704 	 0.004946846091045063
57.838069163515414 	 0.0047540124577359405
58.46387307982972 	 0.004566952168046024
59.09644815132505 	 0.004384382049723444
59.73586764143306 	 0.004205754553714254
60.382205606290746 	 0.004031475282924332
61.03553690331733 	 0.0038625931566904485
61.69593719988427 	 0.0037001172968833605
62.36348298207866 	 0.0035443403456668376
63.03825156356179 	 0.00339457182235026
63.72032109452338 	 0.0032494610490229983
64.40977057073299 	 0.0031077364732806684
65.10667984268876 	 0.00296891212592164
65.81112962486581 	 0.002833504055282894
66.52320150506421 	 0.0027025925432059357
67.24297795385858 	 0.002576995523581549
67.97054233414929 	 0.0024566034978498255
68.7059789108176 	 0.002340348674588139
69.44937286048493 	 0.002226859383891137
70.20081028137801 	 0.0021153533936959248
70.96037820330027 	 0.0020061183548448504
71.7281645977116 	 0.0019001974686434346
72.50425838791725 	 0.0017984909140244295
73.28874945936622 	 0.0017009566551412284
74.081728670062 	 0.001606560286254399
74.88328786108534 	 0.0015140481660865825
75.69351986723126 	 0.0014229369719338724
76.51251852776076 	 0.0013338895124632225
77.34037869726917 	 0.001248134456709543
78.17719625667195 	 0.001166415605520099
79.02306812430965 	 0.0010884168692058063
79.87809226717236 	 0.0010132275801062434
80.74236771224633 	 0.000940473090033357
81.61599455798284 	 0.0008710777285651735
82.49907398589181 	 0.0008069342236344711
83.39170827225985 	 0.0007498060863523067
84.29400079999596 	 0.0007005911637423511
85.20605607060506 	 0.000659755339204939
86.12797971629136 	 0.0006285347200152765
87.05987851219201 	 0.0006096159599157462
88.00186038874382 	 0.0006064533891996648
88.95403444418342 	 0.0006217907331103996
89.91651095718305 	 0.0006568150478471098
90.88940139962236 	 0.0007116315187899618
91.87281844949909 	 0.0007861621859657097
92.86687600397909 	 0.0008799974355403388
93.87168919258791 	 0.0009909995921110826
94.88737439054438 	 0.0011141475601339794
95.91404923223925 	 0.0012420957622570445
96.95183262485916 	 0.0013670245404737524
98.00084476215858 	 0.001481901197455535
99.06120713837981 	 0.0015801982464004713
100.13304256232453 	 0.0016553235047636436
101.21647517157739 	 0.00170146750221084
102.31163044688287 	 0.0017154800975325195
103.41863522667857 	 0.0016975990351157158
104.53761772178514 	 0.0016501196650478462
105.66870753025567 	 0.001575812262369945
106.81203565238502 	 0.0014780699374407358
107.96773450588228 	 0.001361947261116682
109.13593794120696 	 0.001233710662440643
110.31678125707147 	 0.0010988509428790044
111.51040121611082 	 0.0009611466901735228
112.71693606072225 	 0.0008238617126545281
113.93652552907616 	 0.0006907422197878127
115.16931087130061 	 0.0005649192184509887
116.41543486583998 	 0.0004476083590677667
117.67504183599172 	 0.0003390281065416942
118.94827766662118 	 0.0002400350922112107
120.2352898210583 	 0.00015161093295384685
121.5362273581757 	 7.332604198353935e-5
122.85124094965283 	 3.906594912993702e-6
124.18048289742624 	 -5.700408780539157e-5
125.52410715132922 	 -0.00010923103427302956
126.88226932692129 	 -0.00015370413361884925
128.2551267235117 	 -0.000191888592408423
129.64283834237727 	 -0.00022412180109591826
131.045564905178 	 -0.0002503715762398385
132.4634688725708 	 -0.00027177066683404123
133.89671446302575 	 -0.00028950940211487387
135.34546767184548 	 -0.0003034761452270439
136.8098962903905 	 -0.00031371379935202416
138.290169925512 	 -0.00032138137687365807
139.78646001919563 	 -0.00032700259584151665
141.29893986841776 	 -0.0003301518755012753
142.82778464521576 	 -0.0003313399155728921
144.3731714169765 	 -0.00033149257312628646
145.93527916694356 	 -0.0003302979552812791
147.51428881494738 	 -0.00032756158213236144
149.1103832383579 	 -0.00032415902800897207
150.72374729326592 	 -0.00032021434139601544
152.35456783589208 	 -0.0003152901546365815
154.0030337442289 	 -0.0003099493813609487
155.66933593991533 	 -0.0003044477769410982
157.35366741034943 	 -0.0002982573808681945
159.05622323103944 	 -0.0002917939390469491
160.77720058819756 	 -0.00028544609275905864
162.51679880157673 	 -0.0002786990190048819
164.27521934755606 	 -0.0002718233064998775
166.05266588247497 	 -0.00026514599750411945
167.84934426622092 	 -0.00025813538630051864
169.6654625860707 	 -0.0002511131019055634
171.5012311807911 	 -0.0002443893850235533
173.35686266499988 	 -0.0002375026462159496
175.2325719537906 	 -0.00023071685812495253
177.12857628762293 	 -0.00022403359705206296
179.0450952574834 	 -0.00021712020072914138
180.98235083031778 	 -0.00021045842337757135
182.9405673747393 	 -0.00020385163275866197
184.91997168701357 	 -0.0001971306535578
186.92079301732645 	 -0.0001906076618485433
188.94326309633468 	 -0.00018398801348976532
190.98761616200525 	 -0.00017755970999522904
193.0540889867433 	 -0.00017146809397005874
195.1429209048151 	 -0.00016553935017022976
197.25435384006755 	 -0.0001600645783636312
199.38863233394645 	 -0.0001547968372606405
201.54600357381932 	 -0.00014992907714669193
203.72671742160375 	 -0.0001455414476579551
205.93102644270658 	 -0.00014140060997076156
208.15918593527442 	 -0.00013755189955174185
210.41145395976224 	 -0.00013365708238930339
212.68809136882135 	 -0.00012993949423731042
214.98936183751107 	 -0.00012625910752080943
217.31553189383632 	 -0.00012260325450560945
219.66687094961668 	 -0.00011885034296096261
222.04365133168892 	 -0.00011497454691480975
224.4461483134478 	 -0.00011113569973705015
226.87464014672688 	 -0.00010731721253738492
229.3294080940254 	 -0.00010357160604391593
231.81073646108317 	 -9.975972090656934e-5
234.31891262980926 	 -9.598949260248936e-5
236.85422709156444 	 -9.231726315416602e-5
239.41697348080612 	 -8.885140164608792e-5
242.00744860909614 	 -8.547146103685738e-5
244.6259524994776 	 -8.212302511805862e-5
247.27278842122152 	 -7.886682940772878e-5
249.9482629249518 	 -7.58306177381047e-5
252.6526858781485 	 -7.296419872264027e-5
255.38637050103736 	 -7.013133991168121e-5
258.14963340286454 	 -6.734081250091078e-5
260.94279461856667 	 -6.471451784812298e-5
263.76617764583597 	 -6.228139647531728e-5
266.6201094825882 	 -5.991523288397815e-5
269.5049206648331 	 -5.755720859972319e-5
272.4209453049577 	 -5.528415674104328e-5
275.3685211304216 	 -5.319147151251873e-5
278.3479895228729 	 -5.121567561953846e-5
281.3596955576851 	 -4.924067395915452e-5
284.403988043923 	 -4.7285676423237896e-5
287.4812195647425 	 -4.5473431633264446e-5
290.591746518224 	 -4.3806458724109717e-5
293.73592915865083 	 -4.2156836788273555e-5
296.91413163823256 	 -4.0476738221484895e-5
300.1267220492813 	 -3.890154937707217e-5
303.37407246684165 	 -3.748114559032102e-5
306.65655899178506 	 -3.608592641084384e-5
309.97456179436824 	 -3.464681526965829e-5
313.32846515826384 	 -3.3286068476391786e-5
316.7186575250669 	 -3.206954479414793e-5
320.1455315392852 	 -3.0893339679300445e-5
323.6094840938114 	 -2.9655289234034167e-5
327.11091637589254 	 -2.846629234767517e-5
330.65023391359387 	 -2.743139380725009e-5
334.2278466227662 	 -2.6435368669431006e-5
337.84416885452185 	 -2.537941894668695e-5
341.4996194432233 	 -2.4340067598345342e-5
345.19462175499143 	 -2.34523295947476e-5
348.92960373674117 	 -2.263196622214285e-5
352.70499796574165 	 -2.1707505051983756e-5
356.52124169971887 	 -2.0794853680130995e-5
360.37877692749726 	 -2.004488133122876e-5
364.27805042018963 	 -1.9349768631800915e-5
368.2195137829416 	 -1.8558427147300045e-5
372.2036235072353 	 -1.7761230425098895e-5
376.23084102375833 	 -1.7124015125069593e-5
380.30163275584874 	 -1.6543656953723495e-5
384.4164701735107 	 -1.5841217351959354e-5
388.575829848022 	 -1.5157351749814006e-5
392.78019350712884 	 -1.4631582733789514e-5
397.0300480908383 	 -1.4122004738468218e-5
401.32588580781476 	 -1.3521683960352074e-5
405.6682041923857 	 -1.2927174498876662e-5
410.05750616216767 	 -1.248978645017296e-5
414.4943000763092 	 -1.2062096208382614e-5
418.9790997943703 	 -1.1508518080518968e-5
423.5124247358359 	 -1.1025779324310577e-5
428.0947999402741 	 -1.066381910363853e-5
432.72675612814464 	 -1.0273052709704538e-5
437.40882976226635 	 -9.805050610722627e-6
442.1415631099475 	 -9.394473402626384e-6
446.9255043057939 	 -9.107823882225136e-6
451.76120741518747 	 -8.738786982244288e-6
456.64923249846015 	 -8.320878969068836e-6
461.5901456757581 	 -8.033129675522137e-6
466.5845191926082 	 -7.76084607574435e-6
471.6329314861944 	 -7.415809988682579e-6
476.7359672523513 	 -7.077670886516437e-6
481.8942175132812 	 -6.84961925235282e-6
487.1082796860082 	 -6.616285335317663e-6
492.3787576515649 	 -6.2771415972562415e-6
497.70626182493584 	 -6.023850748486478e-6
503.0914092257535 	 -5.850694836860207e-6
508.5348235497605 	 -5.603429050711402e-6
514.0371352410439 	 -5.327463914773431e-6
519.5989815650526 	 -5.125425845653389e-6
525.2210066824025 	 -4.98406390356466e-6
530.9038617234859 	 -4.759017311302965e-6
536.648204863878 	 -4.492313782654954e-6
542.4547014005697 	 -4.3843347116165145e-6
548.3240238290188 	 -4.24555168688289e-6
554.2568519210379 	 -3.9898413427534415e-6
560.2538728035234 	 -3.846455614559859e-6
566.3157810380369 	 -3.7291633376236883e-6
572.4432787012505 	 -3.575771939920786e-6
578.6370754662547 	 -3.3994405224602403e-6
584.8978886847548 	 -3.2522494146411098e-6
591.2264434701523 	 -3.1850199277336283e-6
597.6234727815253 	 -3.018368814930796e-6
604.0897175085188 	 -2.851723913865626e-6
610.6259265571524 	 -2.809730995440585e-6
617.232856936556 	 -2.6816444909779505e-6
623.9112738466498 	 -2.521711364234619e-6
630.6619507667606 	 -2.4584955418260643e-6
637.4856695452091 	 -2.3723023311228425e-6
644.3832204898614 	 -2.256979050843885e-6
651.3554024596597 	 -2.13589465165192e-6
658.403022957145 	 -2.090635561206512e-6
665.5268982219802 	 -2.0220169209532037e-6
672.7278533254835 	 -1.8695542836971296e-6
680.0067222661914 	 -1.8360002551465956e-6
687.364348066444 	 -1.7829395923688601e-6
694.8015828700254 	 -1.671562848805561e-6
702.3192880408569 	 -1.6057098838994864e-6
709.9183342627582 	 -1.5541848260969238e-6
717.5996016402875 	 -1.4976557289042072e-6
725.3639798006739 	 -1.4205645577430248e-6
733.2123679968499 	 -1.3451287941949903e-6
741.1456752116073 	 -1.3297010056352748e-6
749.1648202628644 	 -1.2657558225540526e-6
757.2707319100875 	 -1.1705793683254461e-6
765.4643489618564 	 -1.1739916673143139e-6
773.7466203845947 	 -1.1158229438223615e-6
782.1185054124774 	 -1.0396456468065147e-6
790.5809736585253 	 -1.0215345324730482e-6
799.1350052269099 	 -9.837455452846684e-7
807.7815908264575 	 -9.309743214316382e-7
816.5217318853972 	 -8.83016197452103e-7
825.3564406673424 	 -8.648690232831257e-7
834.2867403885286 	 -8.350631050403023e-7
843.313665336321 	 -7.682622616054585e-7
852.4382609890022 	 -7.529662005320603e-7
861.6615841368562 	 -7.487167405761296e-7
870.9847030045693 	 -6.721143585164171e-7
880.4086973749413 	 -6.585133230670158e-7
889.9346587139482 	 -6.58467694888925e-7
899.5636902971528 	 -5.966800030330768e-7
909.2969073374834 	 -5.808868293196898e-7
919.1354371143952 	 -5.656197547218097e-7
929.080419104429 	 -5.365847659707988e-7
939.133005113182 	 -5.124903338669742e-7
949.2943594087128 	 -4.871551821621877e-7
959.5656588563756 	 -4.760505350798702e-7
969.948093055128 	 -4.5527835860894025e-7
980.4428644753058 	 -4.219190838336556e-7
991.0511885978917 	 -4.1943241783217014e-7
1001.774294055288 	 -4.036702116041474e-7
1012.613422773615 	 -3.6546549102453913e-7
1023.5698301165463 	 -3.7262908348851315e-7
1034.6447850307088 	 -3.517489019783897e-7
1045.8395701926395 	 -3.224198511654405e-7
1057.1554821573482 	 -3.2674981524911424e-7
1068.593831508481 	 -3.0629331625097166e-7
1080.1559430101076 	 -2.887062088342222e-7
1091.8431557601548 	 -2.8176863664083574e-7
1103.6568233454936 	 -2.684350075748169e-7
1115.5983139987181 	 -2.578585879347409e-7
1127.669010756598 	 -2.4438377026253795e-7
1139.8703116202682 	 -2.3304259460958085e-7
1152.2036297171387 	 -2.2953520134426043e-7
1164.6703934645607 	 -2.149152276632837e-7
1177.2720467352626 	 -1.9976278841877202e-7
1190.0100490245763 	 -2.0479845017847135e-7
1202.88587561947 	 -1.8766411883600088e-7
1215.9010177694215 	 -1.7456611888455347e-7
1229.056982859119 	 -1.7910108472488643e-7
1242.3552945830506 	 -1.6388137332069458e-7
1255.7974931219737 	 -1.5515157422487552e-7
1269.3851353212956 	 -1.537500070779861e-7
1283.119794871383 	 -1.445641359581911e-7
1297.0030624898238 	 -1.3672240968283937e-7
1311.0365461056585 	 -1.3313127605928301e-7
1325.2218710456154 	 -1.2624077773899965e-7
1339.560680222339 	 -1.2079423378339474e-7
1354.0546343246772 	 -1.153925968695426e-7
1368.7054120100172 	 -1.0940586197775364e-7
1383.5147100987028 	 -1.0744926410867683e-7
1398.4842437705572 	 -9.937481080311732e-8
1413.6157467635305 	 -9.505061210004705e-8
1428.9109715744955 	 -9.5145800414599e-8
1444.3716896622277 	 -8.561833362651658e-8
1459.9996916525565 	 -8.283451758264922e-8
1475.7967875457623 	 -8.304499334050951e-8
1491.764806926203 	 -7.478463644066919e-8
1507.9055991742132 	 -7.171063663410427e-8
1524.2210336802948 	 -7.214019215892824e-8
1540.713000061624 	 -6.53987349410138e-8
1557.3834083809115 	 -6.211973337074049e-8
1574.2341893676075 	 -6.242360758692643e-8
1591.2672946415237 	 -5.675486548534813e-8
1608.4846969388636 	 -5.447244655090541e-8
1625.8883903407002 	 -5.332045074301384e-8
1643.4803905039262 	 -4.929169464680173e-8
1661.262734894703 	 -4.774052239542865e-8
1679.237483024432 	 -4.5245300511739596e-8
1697.4067166882942 	 -4.2961210723563434e-8
1715.7725402063434 	 -4.142173874803344e-8
1734.3370806672317 	 -3.861977701503214e-8
1753.1024881745661 	 -3.7184265056899523e-8
1772.070936095925 	 -3.5615619690660104e-8
1791.2446213145734 	 -3.327325338644894e-8
1810.625764483903 	 -3.1617276892882384e-8
1830.216610284618 	 -3.094728780156507e-8
1850.019427684722 	 -2.8302377270467846e-8
1870.0365102022872 	 -2.681266209085652e-8
1890.270176171096 	 -2.680676451631247e-8
1910.7227690091415 	 -2.389130044950821e-8
1931.3966574900385 	 -2.2841890408687685e-8
1952.2942360173686 	 -2.2771895875044482e-8
1973.4179249019953 	 -2.0329160046888393e-8
1994.7701706423738 	 -1.92187571965549e-8
2016.3534462079162 	 -1.9162096463636904e-8
2038.1702513253808 	 -1.736779777189572e-8
2060.2231127684013 	 -1.600109626499863e-8
2082.514584650127 	 -1.5892605331070575e-8
2105.047248719036 	 -1.4689877202402027e-8
2127.823714657946 	 -1.334594600183923e-8
2150.8466203862627 	 -1.3068457112247056e-8
2174.118632365495 	 -1.2127554685527456e-8
2197.6424459080913 	 -1.1148221729046033e-8
2221.4207854895844 	 -1.0571516645379537e-8
2245.456405064147 	 -9.797716466363973e-9
2269.752088383546 	 -9.267062795899075e-9
2294.310649319552 	 -8.43930241297072e-9
2319.1349321898315 	 -7.734514360343727e-9
2344.2278120873693 	 -7.456513160892728e-9
2369.59219521347 	 -6.736791817246815e-9
2395.2310192143227 	 -5.912657993116559e-9
2421.14725352125 	 -5.7303802401998754e-9
2447.3438996946165 	 -5.35110087299144e-9
2473.8239917714636 	 -4.365731726428079e-9
2500.590596616903 	 -4.10163008839106e-9
2527.6468142793146 	 -4.0740285923431305e-9
2554.995778349385 	 -3.1598586177323244e-9
2582.6406563230485 	 -2.699141846295021e-9
2610.584649968313 	 -2.763419030547609e-9
2638.8309956960998 	 -2.1726780798675474e-9
2667.3829649350737 	 -1.5804003843294336e-9
2696.2438645105303 	 -1.4972468019807675e-9
2725.417037027389 	 -1.2667017509667863e-9
2754.905861257322 	 -7.085967665743723e-10
2784.713752530073 	 -4.051557437546899e-10
2814.844163129033 	 -3.1770536551587865e-10
2845.3005826910457 	 2.8897303300884514e-11
2876.0865386105907 	 4.012673535174224e-10
2907.2055964483106 	 5.807214007929113e-10
2938.66136034397 	 7.888464087420755e-10
2970.4574734338757 	 1.0676939306320603e-9
3002.597618272818 	 1.2735656982874214e-9
3035.0855172605716 	 1.4681217724761254e-9
3067.9249330730336 	 1.7491433241171032e-9
3101.1196690979814 	 1.8798299433800364e-9
3134.673569875589 	 1.991125027878371e-9
3168.5905215436896 	 2.311155167297408e-9
3202.8744522878615 	 2.482399250185232e-9
3237.5293327963777 	 2.5251500777755182e-9
3272.55917672008 	 2.7147309340391093e-9
3307.968041137251 	 2.9300509201846468e-9
3343.760027023465 	 3.0825003021610016e-9
3379.9392797265737 	 3.161218396286123e-9
3416.509989446805 	 3.244031289512331e-9
3453.476391722067 	 3.4655921043847033e-9
3490.842767918493 	 3.626800119872209e-9
3528.6134457263042 	 3.6350134228765046e-9
3566.7927996610233 	 3.7385619920572254e-9
3605.3852515701496 	 3.915113618701678e-9
3644.3952711452484 	 4.031866378570951e-9
3683.827376439642 	 4.095146473826493e-9
3723.6861343916835 	 4.1315417696700205e-9
3763.976161353678 	 4.272649068572253e-9
3804.7021236265487 	 4.414912553111399e-9
3845.86873800027 	 4.434916539666065e-9
3887.4807723001504 	 4.489411526257205e-9
3929.5430459390645 	 4.585715063062948e-9
3972.060430475575 	 4.694566631308757e-9
4015.0378501781834 	 4.758097694962839e-9
4058.4802825956344 	 4.7711602028509995e-9
4102.392759133407 	 4.85087791976847e-9
4146.78036563644 	 4.9417568926711954e-9
4191.648242978164 	 5.007103693433607e-9
4237.001587655896 	 5.022651471368333e-9
4282.8456523927225 	 5.069223465994547e-9
4329.185746745802 	 5.152953144741019e-9
4376.027237721348 	 5.208763787751789e-9
4423.375550396208 	 5.232119398706584e-9
4471.236168546187 	 5.2605058446503115e-9
4519.614635281167 	 5.324883764149179e-9
4568.516553687086 	 5.37730759271399e-9
4617.947587474912 	 5.404596420219142e-9
4667.913461636548 	 5.423720932406397e-9
4718.419963107924 	 5.468520968057726e-9
4769.472941439217 	 5.5178243884960944e-9
4821.078309472333 	 5.545301795374909e-9
4873.242044025718 	 5.5600518429833675e-9
4925.970186586584 	 5.592657235795975e-9
4979.268844010607 	 5.630912995634913e-9
5033.144189229245 	 5.6625958103266975e-9
5087.602461964625 	 5.672248950239662e-9
5142.649969452243 	 5.696248640103725e-9
5198.29308717145 	 5.728628478695589e-9
5254.538259583841 	 5.752125283959864e-9
5311.392000879642 	 5.770027998516494e-9
5368.8608957321685 	 5.779909921283386e-9
5426.951600060435 	 5.809308480799121e-9
5485.670841800072 	 5.8281094246540084e-9
5545.025421682476 	 5.844080564803834e-9
5605.022214022503 	 5.855435285805321e-9
5665.668167514617 	 5.869924948009215e-9
5726.970306037679 	 5.894268369933839e-9
5788.935729468431 	 5.901315114775513e-9
5851.571614503796 	 5.916293581253642e-9
5914.885215492049 	 5.9225727162277655e-9
5978.883865273044 	 5.943256069834567e-9
6043.574976027426 	 5.951319741481163e-9
