###############
#    GaPSE    #
############### 
#
#
# This is a table containing the multipoles of the Two-Point Correlation Function (TPCF) 
# for the Galaxy Number Counts GR effect [not given, provied only the index 2]
#  taken from the files:
#   - L = 0 : Generic_Window/xis_GNC_L0_noF_noobsvel_GenWin.txt
#   - L = 1 : Generic_Window/xis_GNC_L1_noF_noobsvel_GenWin.txt
#   - L = 2 : Generic_Window/xis_GNC_L2_noF_noobsvel_GenWin.txt
#   - L = 3 : Generic_Window/xis_GNC_L3_noF_noobsvel_GenWin.txt
#   - L = 4 : Generic_Window/xis_GNC_L4_noF_noobsvel_GenWin.txt
#
# s [Mpc/h_0] 	xi_{L=0} 	 xi_{L=1} 	 xi_{L=2} 	 xi_{L=3} 	 xi_{L=4} 	 
1.0 	  5.113125676681059 	  -0.0015690999071494122 	  -1.0280456871294323 	  0.000428313051561901 	  0.04306900214953497 	 
1.0176234579394636 	  5.045580597784756 	  -0.001421005935473372 	  -1.021147873727164 	  0.0004060810841966568 	  0.043107470299322326 	 
1.0355575021486711 	  4.976778924402472 	  -0.0015078826643456617 	  -1.0143229607753146 	  0.0003631535099771135 	  0.04247495985857745 	 
1.0538076062316843 	  4.909240127133102 	  -0.0014500240676095237 	  -1.007743764470774 	  0.0006535217069890849 	  0.04240019797413987 	 
1.072379340256395 	  4.842296159004758 	  -0.0013938167325723552 	  -1.000778761592447 	  0.00039846288539221596 	  0.04208751227604619 	 
1.0912783724545534 	  4.7756545447371 	  -0.0014780236823266324 	  -0.993956272809067 	  0.00042206765508510507 	  0.04212859483125937 	 
1.1105104709517524 	  4.7099248621498155 	  -0.0015641306512168066 	  -0.9873675745858668 	  0.00042617486371067007 	  0.041605949924729976 	 
1.1300815055279045 	  4.6448349589106215 	  -0.0014827135359297987 	  -0.9808186290310901 	  0.00035628207231128253 	  0.04153805688243171 	 
1.1499974494087413 	  4.579267456531778 	  -0.0013795497352290585 	  -0.9742605230463547 	  0.00030778225356093515 	  0.04132157456249397 	 
1.1702643810888866 	  4.5141245758507615 	  -0.0014170053428879904 	  -0.9674597508154087 	  0.0002740073190034846 	  0.0410355556562782 	 
1.190888486187059 	  4.450261011492868 	  -0.0015131393634595027 	  -0.9609194661614384 	  0.0004286739674487242 	  0.04056293296095452 	 
1.2118760593339681 	  4.386939321684787 	  -0.0014871507411546186 	  -0.9542175997954426 	  0.00048369674237047785 	  0.040459065471150635 	 
1.2332335060934831 	  4.323693568147617 	  -0.001527211272632722 	  -0.9476261067413329 	  0.00027979304744103203 	  0.040068811032384244 	 
1.2549673449176588 	  4.261528805187537 	  -0.0015748858618833872 	  -0.9410634975812434 	  0.0006551344029165426 	  0.04003979884676805 	 
1.2770842091362153 	  4.19942157982145 	  -0.0015308384385346238 	  -0.9345191150546 	  0.0005211942251708247 	  0.0397339687391689 	 
1.2995908489810806 	  4.137198933326052 	  -0.001579211570370043 	  -0.9279191935925601 	  0.00044826444160948816 	  0.039446836511748726 	 
1.3224941336466105 	  4.076165057709116 	  -0.0014930677630891336 	  -0.9213342725426614 	  0.00047895332745131135 	  0.039248542029551615 	 
1.3458010533861189 	  4.015477131697718 	  -0.001566311861829522 	  -0.9149746143103812 	  0.00038644402030881827 	  0.03913697200947263 	 
1.3695187216453548 	  3.954907035903355 	  -0.0015735924976084893 	  -0.9083285001867962 	  0.000480138770505947 	  0.038751641164186355 	 
1.3936543772335797 	  3.8954500591883954 	  -0.001592403207468065 	  -0.9018504786784198 	  0.0004987054603704526 	  0.03859513830028549 	 
1.4182153865329048 	  3.8363204966078355 	  -0.0015883781872109046 	  -0.8952491072233552 	  0.0003939764358897364 	  0.03830516886215762 	 
1.4432092457465677 	  3.777415129302418 	  -0.001540500125846427 	  -0.8888010155610131 	  0.0005061061048435105 	  0.03817397634739881 	 
1.4686435831868272 	  3.7191328672953023 	  -0.0015431431212641613 	  -0.8822600121489155 	  0.00036502927576227776 	  0.037777854398680456 	 
1.4945261616031833 	  3.661270743025309 	  -0.0015738364882180653 	  -0.8757920621470879 	  0.00045904250118086086 	  0.03766143552118164 	 
1.520864880551625 	  3.6040108923352467 	  -0.0016053267054215784 	  -0.8692738402614482 	  0.00045337479323469916 	  0.03741185715019378 	 
1.5476677788056337 	  3.547606358670268 	  -0.0015653574405429577 	  -0.8627605969143022 	  0.0004856394572182654 	  0.03714397844244919 	 
1.574943036809678 	  3.4911150301548344 	  -0.001577646394093479 	  -0.8562805571510493 	  0.00048593704076611816 	  0.036931707145345015 	 
1.6026989791759443 	  3.435439842838997 	  -0.0016329757685764694 	  -0.8498135612033394 	  0.0005418015001214118 	  0.036706484596764496 	 
1.6309440772250727 	  3.380181773581861 	  -0.0015846725551480932 	  -0.8432887211709403 	  0.0005206303773395111 	  0.03650113051713936 	 
1.6596869515716661 	  3.325233454691983 	  -0.0016086357260463387 	  -0.8367963597531609 	  0.0005128031562382877 	  0.03621819093355396 	 
1.6889363747553658 	  3.271129540965439 	  -0.0015987280574489438 	  -0.8302727914651997 	  0.0005271126516003335 	  0.03600605274964932 	 
1.718701273918297 	  3.217293858065417 	  -0.0016106844242729974 	  -0.8238125302530213 	  0.0005029806767564103 	  0.035816701844622566 	 
1.7489907335296988 	  3.1639482781560373 	  -0.0016030512903078924 	  -0.8172679277955666 	  0.0005253061682733326 	  0.035599937064653496 	 
1.7798139981585708 	  3.11131870048711 	  -0.0015936056598457263 	  -0.8107566802479702 	  0.0005382569643871949 	  0.035402562867644954 	 
1.811180475295187 	  3.0590292703782533 	  -0.0016146398331093048 	  -0.8042403050170477 	  0.0005363897609618448 	  0.035160613584132354 	 
1.8430997382223293 	  3.0072944841385545 	  -0.0015997117481889715 	  -0.7977148752654333 	  0.0005215665526840239 	  0.03494021657408754 	 
1.8755815289371267 	  2.9560012191464833 	  -0.001601549962766825 	  -0.7911573035765215 	  0.0005329679976208361 	  0.03471986967695794 	 
1.908635761124385 	  2.9052939824819997 	  -0.001619439672760362 	  -0.7846102031657542 	  0.0005525466148237875 	  0.03451479234605308 	 
1.9422725231823168 	  2.8551358754545064 	  -0.0016183021496133326 	  -0.7780369478917559 	  0.0005742523243091652 	  0.0342869329304507 	 
1.9765020813015959 	  2.8054506812783195 	  -0.0016130111572435519 	  -0.7714582392641984 	  0.0005517170991096964 	  0.03406595469512641 	 
2.011334882598677 	  2.756316048353493 	  -0.0016289597706609941 	  -0.7648755443373886 	  0.0005672616551818971 	  0.03386007832430934 	 
2.0467815583043305 	  2.707629561060791 	  -0.0016257433409351317 	  -0.7582821914488638 	  0.0005663000029245555 	  0.03365127324666791 	 
2.0828529270083767 	  2.659465682266566 	  -0.0016230338406031733 	  -0.7516652521888432 	  0.00057565364395518 	  0.033445862157514626 	 
2.119559997961597 	  2.611961256452115 	  -0.0016199397771192588 	  -0.7450426613517883 	  0.0005709322328491361 	  0.03323249809823572 	 
2.156913974435843 	  2.5649144843927583 	  -0.0016242182380314073 	  -0.738390729390564 	  0.000580258698134671 	  0.03302940385320871 	 
2.1949262571433543 	  2.5183820260629077 	  -0.0016255351527499368 	  -0.7317331587393052 	  0.0005905809043488323 	  0.03280308906467041 	 
2.2336084477163447 	  2.472387701946423 	  -0.0016272143503590843 	  -0.7250458934341264 	  0.0006068455807700243 	  0.03259471206290895 	 
2.272972352247904 	  2.4269825271186254 	  -0.0016272024321372475 	  -0.718360097856586 	  0.0006026150887029466 	  0.03238765805610691 	 
2.3130299848953086 	  2.3820834074401334 	  -0.0016266173552401556 	  -0.7116368025897192 	  0.0006040496295281446 	  0.032174267247665485 	 
2.353793571546829 	  2.337719224900086 	  -0.0016300987100269602 	  -0.7049000216023322 	  0.0006125994667721097 	  0.03197310937609435 	 
2.395275553553164 	  2.293925739822945 	  -0.0016272661322718472 	  -0.6981431451304567 	  0.0006047054339354056 	  0.03175845067782986 	 
2.437488591524634 	  2.250629519553419 	  -0.0016275598584522897 	  -0.6913685439722734 	  0.0006172151057994267 	  0.031561776891277135 	 
2.4804455691952905 	  2.2079469215488867 	  -0.0016275608978817658 	  -0.6845702448555478 	  0.0006331236949513248 	  0.03135316348496206 	 
2.5241595973551325 	  2.1657519324719705 	  -0.0016268877457856286 	  -0.677749797144403 	  0.0006327728518292065 	  0.03115096997637289 	 
2.568644017851614 	  2.124152020814828 	  -0.0016256844312036106 	  -0.6709141970692248 	  0.0006336053956595038 	  0.03094130270882862 	 
2.6139124076616764 	  2.0830824268722847 	  -0.001624015368671921 	  -0.6640547101813202 	  0.0006441457745263842 	  0.030732201325338913 	 
2.659978583035544 	  2.0425782842381075 	  -0.001620472007062341 	  -0.6571738141652991 	  0.0006468793872573471 	  0.030525207143626543 	 
2.706856603713545 	  2.002646736492746 	  -0.001621038383134524 	  -0.6502710734576335 	  0.0006512793195324658 	  0.03031632975057072 	 
2.75456077721725 	  1.9632444829529843 	  -0.0016156880727601825 	  -0.6433500348038879 	  0.0006527993746214297 	  0.030110302744075758 	 
2.803105663216234 	  1.9244304112642117 	  -0.0016173021176437313 	  -0.6364042809689637 	  0.00065816692662898 	  0.02990368870818312 	 
2.8525060779717974 	  1.8861673155650038 	  -0.0016149376651588537 	  -0.6294392356687385 	  0.0006667194305685932 	  0.02969876990852666 	 
2.9027770988589974 	  1.8484768858122531 	  -0.0016124480776552885 	  -0.6224537568102525 	  0.0006684535636896272 	  0.02949005099818782 	 
2.953934068968377 	  1.811337761043417 	  -0.001610354617679978 	  -0.615452631362095 	  0.000673602032388113 	  0.029282151752161176 	 
3.00599260178879 	  1.7747570456472643 	  -0.0016026915760290416 	  -0.608428136101412 	  0.0006732413186090922 	  0.02906984640958322 	 
3.0589685859727536 	  1.7387574081896284 	  -0.00160423454906383 	  -0.6013864234106053 	  0.0006815542054971006 	  0.028862279253435163 	 
3.1128781901857843 	  1.703306825355309 	  -0.001601813402820412 	  -0.5943274730681186 	  0.0006845302734913065 	  0.02865541037172539 	 
3.167737868041197 	  1.668427523217126 	  -0.0015976133418001736 	  -0.5872571746760573 	  0.0006871619857367386 	  0.02844352325783127 	 
3.223564363121867 	  1.6341051799666604 	  -0.0015954217813291718 	  -0.5801693160289161 	  0.0006920531301133713 	  0.02823403602143555 	 
3.2803747140904993 	  1.6003502268219134 	  -0.0015912953818890397 	  -0.5730696628494343 	  0.0006946853610461908 	  0.02801924703144493 	 
3.3381862598899525 	  1.567155015858061 	  -0.00158820313080129 	  -0.5659591905138467 	  0.0006987904269139051 	  0.027809078527668243 	 
3.3970166450352193 	  1.534501351612578 	  -0.0015855361769649926 	  -0.5588393475510958 	  0.0007037139246749162 	  0.027595623702668676 	 
3.4568838249986547 	  1.5024283859225949 	  -0.0015808597870982598 	  -0.5517100842296052 	  0.0007052101529712673 	  0.027379762864728048 	 
3.51780607169013 	  1.4708915602503776 	  -0.0015776872270903517 	  -0.5445775502019415 	  0.0007093425154674968 	  0.027163227763533908 	 
3.579801979033751 	  1.4399058781073475 	  -0.0015722473530288524 	  -0.5374423129765892 	  0.0007119400006326282 	  0.02694641935785886 	 
3.6428904686428605 	  1.409473183988573 	  -0.0015679391760093336 	  -0.530304541232592 	  0.0007154857627747983 	  0.02672653506296681 	 
3.7070907955950605 	  1.3795811480886726 	  -0.001564780798984792 	  -0.5231709185643172 	  0.0007186037758734418 	  0.02650535860061669 	 
3.7724225543090033 	  1.350226795750371 	  -0.0015598608190485793 	  -0.5160413342897285 	  0.0007209330321065819 	  0.026283697699034613 	 
3.838905684524751 	  1.321402207778605 	  -0.0015561003214166677 	  -0.5089192993154831 	  0.0007238278140447559 	  0.02605967428646707 	 
3.9065604773895406 	  1.293112835674512 	  -0.0015513107185373123 	  -0.5018086834097731 	  0.0007271629188064203 	  0.025833540430628896 	 
3.9754075816507863 	  1.2653407194519681 	  -0.0015464396917586447 	  -0.4947125793901895 	  0.0007291715728227552 	  0.02560606814399192 	 
4.045468009958233 	  1.2380859431460263 	  -0.0015419153423587785 	  -0.48763350410457407 	  0.0007315712082750668 	  0.02537716126936873 	 
4.1167631452771785 	  1.211342748707436 	  -0.001537009536062966 	  -0.48057625207784294 	  0.0007339551141280675 	  0.025146415334511715 	 
4.189314747414704 	  1.1850984434049041 	  -0.0015311975184192543 	  -0.47354408306081036 	  0.000736242546765639 	  0.024913425529397525 	 
4.263144959660941 	  1.1593521684798775 	  -0.0015263764040650313 	  -0.4665399573551962 	  0.0007378377763095884 	  0.024677174809601892 	 
4.338276315547362 	  1.1340905131463466 	  -0.0015212052373556563 	  -0.4595690701503166 	  0.0007403146973225911 	  0.024440311810055338 	 
4.414731745724182 	  1.1093108774723297 	  -0.0015161668108232523 	  -0.45263415602196355 	  0.0007419962996455248 	  0.024199859107958046 	 
4.492534584958967 	  1.084998558337971 	  -0.001510821116979887 	  -0.4457398635874625 	  0.0007438734745696805 	  0.02395813161892758 	 
4.571708579258576 	  1.0611472390208294 	  -0.001505627827213474 	  -0.4388901805903679 	  0.0007459115508083447 	  0.023713925793573554 	 
4.652277893116625 	  1.037748242475434 	  -0.0015001710920657663 	  -0.43208902893402124 	  0.0007473431453811295 	  0.023467927727011936 	 
4.734267116888661 	  1.0147899360553985 	  -0.001494144846633099 	  -0.4253407830739192 	  0.0007489034575901055 	  0.02321984720984963 	 
4.817701274297335 	  0.9922627502097159 	  -0.001488610000484665 	  -0.41864882769522976 	  0.0007499131971975019 	  0.022968008295577443 	 
4.902605830069813 	  0.9701570846733074 	  -0.001482754798484332 	  -0.4120177922981335 	  0.0007513769063740149 	  0.02271545408522799 	 
4.989006697709819 	  0.9484628993717679 	  -0.001476975380018508 	  -0.40545103771798 	  0.0007528227810404783 	  0.022459966038393023 	 
5.076930247406609 	  0.9271679196274981 	  -0.0014709200394877305 	  -0.3989523542990873 	  0.0007537817991601065 	  0.02220341738568589 	 
5.166403314083369 	  0.9062629890010057 	  -0.0014646937662720209 	  -0.3925253121983054 	  0.000754601404899198 	  0.021944298319919675 	 
5.2574532055874235 	  0.885737001969991 	  -0.001458437181034402 	  -0.3861739083820803 	  0.0007558494283305493 	  0.021683248841431274 	 
5.350107711024791 	  0.8655808513931204 	  -0.001452314964395081 	  -0.3799002070396408 	  0.0007569611774846904 	  0.02142045737276786 	 
5.444395109241635 	  0.8457832154089281 	  -0.001445798125371483 	  -0.37370765410635615 	  0.0007578815931605524 	  0.021156267556007493 	 
5.540344177455178 	  0.8263339966658743 	  -0.001439116667229035 	  -0.3675985572022856 	  0.0007584870564579406 	  0.020890637635568556 	 
5.63798420003671 	  0.807223619794934 	  -0.0014324226790817084 	  -0.3615751699472911 	  0.0007595916074528585 	  0.020623819549626676 	 
5.737344977449417 	  0.7884427907774597 	  -0.0014256627484804812 	  -0.35563959153976915 	  0.0007606504895899623 	  0.02035573890717413 	 
5.83845683534369 	  0.7699834572694751 	  -0.0014187112199263922 	  -0.34979307158499157 	  0.0007612072920110164 	  0.020087073920463636 	 
5.941350633812743 	  0.7518359155811043 	  -0.0014115920278397378 	  -0.34403640882838293 	  0.000761935928957136 	  0.019817566421286594 	 
6.046057776811348 	  0.7339935415528783 	  -0.0014042519925768903 	  -0.3383705180799739 	  0.0007628371824164929 	  0.019547891890995213 	 
6.152610221740549 	  0.7164483277265679 	  -0.0013968519794690067 	  -0.33279529297032057 	  0.000763530478519977 	  0.019278135742295272 	 
6.2610404892013065 	  0.6991944546732344 	  -0.001389289001167962 	  -0.3273105459601925 	  0.0007643129996527181 	  0.019008458056653046 	 
6.371381672920025 	  0.682226571721685 	  -0.001381612750212913 	  -0.32191512931321936 	  0.0007650624120712021 	  0.018739350437194543 	 
6.4836674498489995 	  0.6655391260116663 	  -0.0013736748407214034 	  -0.3166079517341712 	  0.0007657590819687038 	  0.018471035715662505 	 
6.597932090444882 	  0.6491286192278408 	  -0.001365577522655775 	  -0.311387043430988 	  0.0007665480460784567 	  0.01820397246262769 	 
6.714210469128275 	  0.6329914727650884 	  -0.001357391914248399 	  -0.3062503925127699 	  0.0007672989323920988 	  0.017938384191135033 	 
6.832538074927663 	  0.617125854230608 	  -0.0013490726160511695 	  -0.3011949658496873 	  0.0007679555055427892 	  0.017674461055363567 	 
6.952951022310933 	  0.6015296130525407 	  -0.0013404498420557871 	  -0.2962178365999497 	  0.0007686245248665896 	  0.01741268159991763 	 
7.075486062207781 	  0.586202336573345 	  -0.0013317399846498026 	  -0.2913154291746684 	  0.0007692016446266629 	  0.017153416154733914 	 
7.20018059322636 	  0.5711437704799667 	  -0.0013228946950945906 	  -0.2864840957442539 	  0.0007699861084955294 	  0.016896812903803574 	 
7.327072673067628 	  0.556354422094061 	  -0.001313845833481792 	  -0.2817197177883706 	  0.0007705491233206358 	  0.016643111228692175 	 
7.456201030140828 	  0.5418357842235204 	  -0.001304661684337868 	  -0.27701815266673097 	  0.0007712047204072594 	  0.016392637154249292 	 
7.587605075383698 	  0.527588994614714 	  -0.0012953348086509181 	  -0.27237507909661307 	  0.0007717219069094266 	  0.01614565411714395 	 
7.721324914290984 	  0.513616447136619 	  -0.001285872718924374 	  -0.2677862994966383 	  0.0007721422501665713 	  0.015902343088705848 	 
7.857401359154923 	  0.49991986101410035 	  -0.0012762901074024335 	  -0.2632475727237833 	  0.0007725636231285697 	  0.01566290499049833 	 
7.995875941521473 	  0.4865016097791862 	  -0.0012665493900974384 	  -0.2587547778514868 	  0.0007727972961760446 	  0.015427325333394191 	 
8.136790924866046 	  0.47336407226072147 	  -0.0012567298489142937 	  -0.2543043231523674 	  0.0007730017386745375 	  0.015195843144038572 	 
8.280189317492631 	  0.4605085017229453 	  -0.001246828054832011 	  -0.2498927541723238 	  0.0007730679024638799 	  0.014968410869823277 	 
8.426114885660258 	  0.44793685473775197 	  -0.0012368411828883692 	  -0.24551715504431806 	  0.0007730442698924799 	  0.014745023973952531 	 
8.574612166940781 	  0.4356494744883412 	  -0.001226738063100436 	  -0.2411751927922523 	  0.00077286734140525 	  0.014525703904206285 	 
8.725726483812073 	  0.42364661173455165 	  -0.0012165995429237163 	  -0.23686506133086133 	  0.0007725786489804771 	  0.014310218813470282 	 
8.879503957490801 	  0.4119275571507236 	  -0.001206391565557988 	  -0.23258571265560296 	  0.0007721227944574089 	  0.014098514493486194 	 
9.035991522008938 	  0.40049025097976926 	  -0.0011961525676673298 	  -0.22833672302872088 	  0.000771536038906174 	  0.01389031179565076 	 
9.195236938538413 	  0.38933219277723446 	  -0.0011858448977259163 	  -0.22411849507859025 	  0.0007708021631116014 	  0.013685444340119254 	 
9.357288809968146 	  0.3784492361137576 	  -0.0011755285320418337 	  -0.21993204435645433 	  0.0007699059878225441 	  0.013483559658482818 	 
9.522196595738032 	  0.36783633821408684 	  -0.0011651625295292646 	  -0.21577916290603089 	  0.0007688587251662375 	  0.013284421864151262 	 
9.690010626934324 	  0.3574873552265051 	  -0.001154783827879999 	  -0.21166225600675315 	  0.0007676625332440182 	  0.01308765423116494 	 
9.860782121651058 	  0.34739513193993465 	  -0.0011443721240589693 	  -0.20758425658223142 	  0.0007663474404990689 	  0.012892941603667354 	 
10.03456320062219 	  0.3375515711203488 	  -0.0011339188381162804 	  -0.2035485659305141 	  0.0007648783810300242 	  0.012700013646231507 	 
10.211406903129243 	  0.3279479657540376 	  -0.0011234425657836629 	  -0.1995589074547837 	  0.0007633106508992536 	  0.012508481919362161 	 
10.391367203189287 	  0.3185750281940137 	  -0.0011129336093526044 	  -0.19561910752796954 	  0.0007616254502827085 	  0.012318067578319925 	 
10.574499026028219 	  0.3094230558029245 	  -0.00110237204026037 	  -0.19173301565539264 	  0.0007598579090470997 	  0.012128533819263775 	 
10.760858264844325 	  0.3004826582245103 	  -0.001091754380664698 	  -0.18790426402487137 	  0.0007580042315154749 	  0.011939665962800022 	 
10.950501797867338 	  0.291744523922739 	  -0.0010810724299449835 	  -0.18413609989124652 	  0.0007560795496274648 	  0.011751309359493632 	 
11.14348750571807 	  0.28319998459764667 	  -0.0010703248977852835 	  -0.18043124248853545 	  0.0007541122597076585 	  0.011563404089781888 	 
11.33987428907403 	  0.2748411516211953 	  -0.001059503867103541 	  -0.1767916819328716 	  0.0007521066227743603 	  0.011375887472595062 	 
11.539722086646336 	  0.26666134594188917 	  -0.0010485966685611138 	  -0.17321857866619395 	  0.0007500617648250728 	  0.011188860632051961 	 
11.743091893473444 	  0.25865507931341586 	  -0.0010376012225716419 	  -0.16971218029214427 	  0.0007479923480310292 	  0.011002439968050302 	 
11.950045779537328 	  0.2508183854917276 	  -0.0010265123012669706 	  -0.1662717330491704 	  0.0007458962627562998 	  0.01081680071192883 	 
12.160646908707667 	  0.24314870790767096 	  -0.0010153366816069923 	  -0.16289556157260407 	  0.0007437811727211226 	  0.010632204930671536 	 
12.374959558019944 	  0.23564503343440962 	  -0.001004072209995595 	  -0.15958105598547853 	  0.0007416305275560152 	  0.010448937009207291 	 
12.59304913729327 	  0.22830762668421403 	  -0.0009927333059445405 	  -0.15632487904833406 	  0.000739439161552524 	  0.010267324660441519 	 
12.814982209093962 	  0.22113795652865542 	  -0.0009813222352511245 	  -0.15312306571586706 	  0.0007371977617392466 	  0.010087696303540136 	 
13.040826509050902 	  0.21413828147055586 	  -0.0009698510371091942 	  -0.1499713276995292 	  0.0007348812411946466 	  0.009910373260875214 	 
13.270650966529 	  0.2073113892459436 	  -0.0009583435306660686 	  -0.14686525693891242 	  0.0007324848664991312 	  0.009735647221187005 	 
13.504525725666925 	  0.2006600354454676 	  -0.0009468065378914304 	  -0.1438006567593574 	  0.0007299853666976581 	  0.009563749641570574 	 
13.742522166785617 	  0.1941866201984668 	  -0.0009352638920338116 	  -0.14077380946121065 	  0.0007273649822742145 	  0.009394849524535584 	 
13.984712928174115 	  0.18789267990280603 	  -0.0009237256435810772 	  -0.13778175967615872 	  0.000724614561165294 	  0.009229039652007548 	 
14.231171928259263 	  0.18177853547765002 	  -0.0009122278583301704 	  -0.1348225355888112 	  0.0007216774817934006 	  0.009066258635516893 	 
14.481974388166215 	  0.17584298403230314 	  -0.0009007284730966814 	  -0.13189520654152692 	  0.0007186623447219724 	  0.008906548819636524 	 
14.73719685467645 	  0.1700830899661185 	  -0.0008892704882811701 	  -0.12900015953651295 	  0.000715485886123885 	  0.00874960163445435 	 
14.996917223590433 	  0.16449417946702724 	  -0.000877859148001963 	  -0.12613888420895342 	  0.0007121523458736263 	  0.008595148586033972 	 
15.261214763501995 	  0.15906992953844304 	  -0.0008664878273210119 	  -0.12331386009252025 	  0.000708685163172562 	  0.008442889044157293 	 
15.530170139991698 	  0.15380276391258457 	  -0.0008551481675723886 	  -0.12052833976928896 	  0.000705101034516646 	  0.008292493174099037 	 
15.803865440246554 	  0.14868413048541235 	  -0.0008438309615709606 	  -0.11778599901637211 	  0.0007014207522730418 	  0.008143620883229674 	 
16.08238419811368 	  0.1437051815644093 	  -0.0008325236661292592 	  -0.11509053731610133 	  0.0006976640901237246 	  0.007995978666482344 	 
16.365811419595428 	  0.1388573704611594 	  -0.0008212137463742488 	  -0.11244526792192994 	  0.0006938534629312499 	  0.007849336569664522 	 
16.65423360879386 	  0.1341331129074763 	  -0.0008098893231876668 	  -0.10985269563194569 	  0.0006900075607515355 	  0.007703551305273154 	 
16.947738794312446 	  0.12952629372990657 	  -0.0007985403835638382 	  -0.10731420192260438 	  0.0006861382950411763 	  0.007558591623992765 	 
17.246416556123023 	  0.1250327299607479 	  -0.0007871636141661262 	  -0.10482981268686081 	  0.0006822533581313966 	  0.007414535237988614 	 
17.550358052906326 	  0.12065034794709104 	  -0.0007757591131244286 	  -0.10239814294080972 	  0.000678352837139294 	  0.007271562821279443 	 
17.859656049874243 	  0.11637915614134738 	  -0.0007643331858502344 	  -0.10001648867516777 	  0.0006744254083456211 	  0.007129937885247254 	 
18.174404947082486 	  0.11222089366867284 	  -0.0007529009253860765 	  -0.09768112355508446 	  0.0006704563542338016 	  0.006989974259950967 	 
18.49470080824217 	  0.10817849319880603 	  -0.0007414789889913756 	  -0.09538772051797317 	  0.0006664246176435743 	  0.006851998579331342 	 
18.8206413900392 	  0.10425529172408421 	  -0.0007300886055174997 	  -0.09313190116858551 	  0.000662305522868808 	  0.00671629538685414 	 
19.15232617197028 	  0.10045419502907098 	  -0.0007187503532668217 	  -0.09090980754060354 	  0.000658078727680552 	  0.006583080296510608 	 
19.489856386704883 	  0.09677683153757037 	  -0.0007074833588048734 	  -0.08871862885817715 	  0.0006537258833778807 	  0.0064524568532263755 	 
19.83333505098216 	  0.09322290237721877 	  -0.0006963005581440757 	  -0.0865569907070205 	  0.0006492390472339313 	  0.006324401818328116 	 
20.182866997052432 	  0.08978977494052108 	  -0.0006852076240240522 	  -0.0844251450267777 	  0.0006446188852642513 	  0.00619876560914592 	 
20.53855890467278 	  0.08647250843671492 	  -0.000674202841279876 	  -0.08232487575118101 	  0.00063987773443395 	  0.006075294676062573 	 
20.900519333666473 	  0.0832642204909041 	  -0.0006632757115624295 	  -0.08025916952261915 	  0.0006350366051685338 	  0.005953669527222385 	 
21.26885875705629 	  0.08015689497843577 	  -0.0006524107070242943 	  -0.07823161230766804 	  0.0006301232476713065 	  0.005833560047109924 	 
21.64368959478166 	  0.07714237482576905 	  -0.0006415898037249036 	  -0.07624570044294723 	  0.0006251664589151649 	  0.00571468013298005 	 
22.025126248010096 	  0.07421352564645875 	  -0.0006308234939661949 	  -0.07430411449528178 	  0.0006201272687254749 	  0.0055967526374114665 	 
22.413285134053275 	  0.07136514959150476 	  -0.0006200154163406596 	  -0.07240790916294247 	  0.0006152205737527032 	  0.005479984037636911 	 
22.808284721898477 	  0.06859469176601798 	  -0.00060924681421948 	  -0.07055661839734165 	  0.0006102555192929321 	  0.005364183104547227 	 
23.21024556836616 	  0.06590226469602337 	  -0.0005984999716783338 	  -0.06874782449246787 	  0.0006052815449308277 	  0.005249651589733393 	 
23.619290354904884 	  0.06329024910808485 	  -0.0005877915559808498 	  -0.06697776108264873 	  0.0006002782978404226 	  0.0051366897217785664 	 
24.035543925034524 	  0.06076220917628351 	  -0.0005771453350229261 	  -0.06524206642817244 	  0.0005952178787683106 	  0.005025608889147348 	 
24.459133322449496 	  0.058321645026798374 	  -0.0005665866812433236 	  -0.06353664792169628 	  0.0005900714643292065 	  0.004916660856495833 	 
24.89018782979343 	  0.05597054158318566 	  -0.000556136910459269 	  -0.06185863515908799 	  0.0005848183314656467 	  0.00480997103085703 	 
25.32883900811714 	  0.05370840566704439 	  -0.000545807857326296 	  -0.06020696472128775 	  0.0005794508032564057 	  0.004705507452270563 	 
25.775220737032132 	  0.0515317523878013 	  -0.0005355992053868001 	  -0.05858262356096592 	  0.0005739783748791707 	  0.004603079590284139 	 
26.229469255571605 	  0.04943453669103373 	  -0.0005254984784343915 	  -0.0569882588192865 	  0.0005684256628106294 	  0.0045023893034251495 	 
26.69172320377162 	  0.04740920195463179 	  -0.0005154841102615093 	  -0.05542738604265637 	  0.0005628268057599649 	  0.0044031043906762515 	 
27.162123664985092 	  0.04544833827866393 	  -0.0005055331801688209 	  -0.05390323973621743 	  0.0005572162959556356 	  0.00430495388297203 	 
27.640814208941478 	  0.04354629778939599 	  -0.0004956279453520676 	  -0.05241770405965601 	  0.0005516191916495208 	  0.004207804519541821 	 
28.12794093556528 	  0.04170042169021384 	  -0.00048576284380447854 	  -0.050970570903857065 	  0.0005460424282108792 	  0.004111702666284878 	 
28.623652519566928 	  0.039911337461197016 	  -0.0004759476226134968 	  -0.049559450793225365 	  0.0005404732660034043 	  0.0040168593754091805 	 
29.128100255819334 	  0.038182184535207546 	  -0.00046620514180533296 	  -0.04818039655448224 	  0.0005348827081195386 	  0.003923582143099192 	 
29.64143810553424 	  0.03651698907119423 	  -0.0004565648753952354 	  -0.046829076239636454 	  0.0005292355994822173 	  0.003832170275797596 	 
30.16382274325235 	  0.03491860010395512 	  -0.0004470554718017832 	  -0.04550217585101657 	  0.000523497275855201 	  0.0037427911510124934 	 
30.69541360466149 	  0.033387052209327035 	  -0.0004376781844472924 	  -0.04419841743345682 	  0.0005176869697582578 	  0.0036554628489618227 	 
31.236372935257677 	  0.031918846011485806 	  -0.00042844064531014916 	  -0.04291899531104932 	  0.0005117907150678653 	  0.0035699390948890847 	 
31.786865839863584 	  0.030507685457356666 	  -0.00041931982228582865 	  -0.04166687827509476 	  0.0005058485777752466 	  0.0034859102995280136 	 
32.34706033301979 	  0.029146283552932306 	  -0.0004102871089205835 	  -0.040445539577648765 	  0.0004999026922527589 	  0.00340305755952715 	 
32.91712739026405 	  0.027828811765901462 	  -0.00040131887393293406 	  -0.03925729088079394 	  0.0004939857873938683 	  0.003321190133307981 	 
33.49724100031435 	  0.0265527032417422 	  -0.0003924072734509812 	  -0.03810214229792027 	  0.0004881077220129712 	  0.003240319293025711 	 
34.08757821817146 	  0.025319225080947628 	  -0.00038356570080617014 	  -0.03697754350137568 	  0.000482250190138126 	  0.0031606544207962977 	 
34.68831921915758 	  0.024132158903995355 	  -0.0003748234567315465 	  -0.035879400136585915 	  0.00047637551168256445 	  0.0030824995087530365 	 
35.29964735390708 	  0.02299538373157006 	  -0.0003662131629705592 	  -0.034803770580874346 	  0.0004704445143872172 	  0.0030061098990663794 	 
35.92174920432655 	  0.021910164592878176 	  -0.00035775438869811905 	  -0.03374866721005172 	  0.0004644377727058086 	  0.002931557734268142 	 
36.554814640540975 	  0.020873843594707307 	  -0.00034944376815614347 	  -0.03271482661806215 	  0.0004583670841137707 	  0.0028586938103951627 	 
37.19903687884344 	  0.01988041022677147 	  -0.0003412558690519152 	  -0.031705181941291946 	  0.00045227217526296086 	  0.002787215755024325 	 
37.85461254066628 	  0.018923123175288502 	  -0.00033315737687134923 	  -0.030722994199977666 	  0.0004462003595737779 	  0.0027168309125953738 	 
38.5217417125914 	  0.017997493332929906 	  -0.0003251264852551955 	  -0.02976984106757879 	  0.00044018017057577673 	  0.0026474110208255424 	 
39.20062800741813 	  0.017103283244393645 	  -0.0003171614863298881 	  -0.02884438741352509 	  0.00043421851543837655 	  0.002579050980430592 	 
39.89147862630742 	  0.01624382777835474 	  -0.000309294295811984 	  -0.02794298837926429 	  0.0004282696489560455 	  0.002512014301709491 	 
40.594504422021174 	  0.015423306947822358 	  -0.00030156280709646964 	  -0.027061629818901135 	  0.00042228521099917164 	  0.002446557265727571 	 
41.30991996327603 	  0.01464319432345826 	  -0.00029398803061505456 	  -0.026198334234250283 	  0.00041624296847860557 	  0.0023827541486955554 	 
42.03794360023143 	  0.013900548864527042 	  -0.000286561522355202 	  -0.0253541418716943 	  0.0004101605560791954 	  0.0023204352784329404 	 
42.778797531131644 	  0.013189164659990886 	  -0.00027924955078704593 	  -0.024532224303083324 	  0.00040408707267027645 	  0.0022592860561080185 	 
43.532707870122366 	  0.012503324577535281 	  -0.00027201808729680874 	  -0.023735254970491143 	  0.0003980685326720525 	  0.002199068553594735 	 
44.29990471626244 	  0.011841071140497131 	  -0.0002648576551058643 	  -0.022963249334735113 	  0.00039211573444939996 	  0.0021397804010391723 	 
45.08062222375173 	  0.011205070807990665 	  -0.000257793029489526 	  -0.022213138356865215 	  0.00038619434255864537 	  0.002081658616547961 	 
45.87509867339686 	  0.010599575060432853 	  -0.00025086366857852955 	  -0.021480963178078828 	  0.0003802536333664196 	  0.0020249799269087877 	 
46.68357654533621 	  0.010026321832441542 	  -0.00024409278141723014 	  -0.02076465779026833 	  0.00037426788092552986 	  0.001969838977326322 	 
47.50630259304667 	  0.009482104489992009 	  -0.00023746515633130534 	  -0.02006556128809575 	  0.0003682637340680325 	  0.0019160505109386075 	 
48.34352791865465 	  0.008960862121957534 	  -0.0002309375595111616 	  -0.01938684490103801 	  0.0003623056269616799 	  0.0018632961821199315 	 
49.195508049574364 	  0.008458139749756802 	  -0.00022448041185177972 	  -0.018730440711223803 	  0.00035643150774199205 	  0.0018113874152273426 	 
50.06250301649657 	  0.007974474433594529 	  -0.00021810466310768684 	  -0.018094846668031156 	  0.0003506218180468182 	  0.0017604246504272975 	 
50.94477743275206 	  0.007513948472943876 	  -0.00021185013241369123 	  -0.017476269116326493 	  0.0003448231876784966 	  0.0017106809652444354 	 
51.8426005750735 	  0.007079415713592174 	  -0.00020574980651198144 	  -0.016871941062335628 	  0.0003389950246794874 	  0.001662315189391461 	 
52.75624646578071 	  0.006668736645681087 	  -0.00019979494431180612 	  -0.0162825771543818 	  0.0003331538279031586 	  0.0016151960538669853 	 
53.68599395641439 	  0.006276224391759277 	  -0.0001939427592079234 	  -0.015711239981610153 	  0.0003273589024636679 	  0.0015690265801029351 	 
54.63212681284355 	  0.005897858378439273 	  -0.00018816217638423365 	  -0.015159632226530691 	  0.0003216499121320077 	  0.0015236523986013526 	 
55.59493380187314 	  0.0055349683522910136 	  -0.0001824681647382805 	  -0.014625864917734365 	  0.00031600408036950824 	  0.0014792164132802063 	 
56.5747087793777 	  0.005191844123906342 	  -0.00017690524396532918 	  -0.01410615770234922 	  0.000310363038779872 	  0.0014359867028667895 	 
57.57175077998846 	  0.00486967008585255 	  -0.00017149210856754463 	  -0.013599012693083681 	  0.00030470686706269727 	  0.0013940124077828173 	 
58.58636410836086 	  0.004564421328595797 	  -0.0001661934373502496 	  -0.01310649069268996 	  0.000299091862192255 	  0.001353050736393174 	 
59.618858432050686 	  0.004270846631779502 	  -0.00016096865029979792 	  -0.012631364188264087 	  0.00029356601370923984 	  0.001312826958407665 	 
60.66954887602675 	  0.003988662459027916 	  -0.0001558293762550029 	  -0.012172878724283371 	  0.0002880983259389275 	  0.0012734634433426435 	 
61.738756118849636 	  0.003721693307706706 	  -0.0001507716534759182 	  -0.01172775300711402 	  0.0002827393738577498 	  0.0012349591659351071 	 
62.826806490544975 	  0.003472046758979965 	  -0.00014589776583085698 	  -0.011293781305142015 	  0.00027728155865537423 	  0.0011976873759394966 	 
63.93403207220191 	  0.0032357786603810926 	  -0.00014112308564717313 	  -0.01087306901519151 	  0.00027189128994906125 	  0.001161321516847307 	 
65.0607707973267 	  0.0030082064549045765 	  -0.00013638643693039543 	  -0.010468109421597484 	  0.0002666631457968298 	  0.001125566601466565 	 
66.20736655498246 	  0.0027895414991134767 	  -0.00013176281593066275 	  -0.010077798160564286 	  0.0002614217152702265 	  0.0010907458376459027 	 
67.37416929474684 	  0.0025839269064113772 	  -0.00012725113168206287 	  -0.009698781895557845 	  0.00025621758555965875 	  0.001056798085101905 	 
68.5615351335191 	  0.002391358167163746 	  -0.00012285370597891614 	  -0.00933044049326844 	  0.00025105434961539914 	  0.0010238598029731127 	 
69.76982646420971 	  0.0022070256562577344 	  -0.00011850714643820973 	  -0.008975435722952604 	  0.00024603104631046573 	  0.000991632151280211 	 
70.99941206634539 	  0.002028170419072307 	  -0.0001142344708083555 	  -0.008634934807254756 	  0.00024105829620719725 	  0.0009600000107202468 	 
72.25066721862329 	  0.00185816919764515 	  -0.00011003404243242693 	  -0.008305927983442924 	  0.00023617655039461557 	  0.0009291864180298129 	 
73.52397381344888 	  0.0016991343364573823 	  -0.00010598120869525601 	  -0.007986457829950593 	  0.00023123992902597234 	  0.0008992607962808376 	 
74.81972047349241 	  0.0015474790337702254 	  -0.0001019452418258993 	  -0.007678372435778623 	  0.0002265138507477635 	  0.0008701510540269633 	 
76.13830267029941 	  0.00139983495247205 	  -9.797061772181108e-5 	  -0.007383385229196892 	  0.00022184890152085747 	  0.0008415936330849322 	 
77.48012284499157 	  0.0012593685719256393 	  -9.40798470809977e-5 	  -0.007098678953805449 	  0.0002172281169678122 	  0.0008138195801724598 	 
78.84559053109479 	  0.0011291941237486654 	  -9.029837685791335e-5 	  -0.006821655942875193 	  0.00021263736221799345 	  0.0007870016056090677 	 
80.2351224795317 	  0.0010070586665058597 	  -8.660642674546555e-5 	  -0.006553378224796873 	  0.00020810112161434338 	  0.0007610950599686983 	 
81.64914278581742 	  0.000892337515656314 	  -8.301248454056113e-5 	  -0.00629399867465922 	  0.00020359426675119693 	  0.0007357019182639103 	 
83.08808301949652 	  0.0007915603343161326 	  -7.960436621055654e-5 	  -0.006038502102509753 	  0.0001990095607951481 	  0.0007115087851565881 	 
84.55238235586127 	  0.0007108324353343174 	  -7.648049380219606e-5 	  -0.005782685712885058 	  0.00019422829812661553 	  0.0006886664636096618 	 
86.04248770999126 	  0.0006531572430283449 	  -7.370615676140644e-5 	  -0.005524542315057248 	  0.00018917953991163362 	  0.000667215484388769 	 
87.5588538731551 	  0.0006274080515558639 	  -7.142744167540334e-5 	  -0.00525823959055067 	  0.00018370257900246156 	  0.000647514538217067 	 
89.10194365161628 	  0.0006468796982613315 	  -6.99029805422156e-5 	  -0.004975334068759346 	  0.00017747228692189916 	  0.000630023869681938 	 
90.67222800788498 	  0.0007180773517414502 	  -6.931072335469889e-5 	  -0.00467222435335403 	  0.00017028647088951734 	  0.0006150357284635639 	 
92.27018620445939 	  0.0008411780144742018 	  -6.955493348484715e-5 	  -0.004350203882013451 	  0.00016250124582478287 	  0.0006015496645102651 	 
93.89630595010014 	  0.0010126753282012116 	  -7.082031524538118e-5 	  -0.004012252734996578 	  0.00015376244286949647 	  0.0005897570902317363 	 
95.55108354868277 	  0.0012149004067030175 	  -7.281864577090312e-5 	  -0.003671154111328049 	  0.00014457683794346323 	  0.0005782829028330847 	 
97.23502405067315 	  0.0014165905689529931 	  -7.508991270899698e-5 	  -0.0033479688737636177 	  0.00013556753219050855 	  0.0005654402912382744 	 
98.9486414072729 	  0.0015871025555044152 	  -7.710219928294626e-5 	  -0.003062223610804042 	  0.00012743878793496148 	  0.000549888407046388 	 
100.69245862728103 	  0.00169870866010924 	  -7.833671706073363e-5 	  -0.0028304983857047185 	  0.00012081862356162586 	  0.0005306774350065251 	 
102.46700793672014 	  0.0017300299260647972 	  -7.839584858927709e-5 	  -0.002664328426854262 	  0.00011607227386961586 	  0.0005072650653786248 	 
104.27283094127554 	  0.0016784724683607702 	  -7.705958749542512e-5 	  -0.0025619800027174063 	  0.00011341799422659525 	  0.0004804050841605015 	 
106.11047879159794 	  0.001554905635908131 	  -7.44322809577266e-5 	  -0.002512938452982354 	  0.00011255478935327611 	  0.0004513323041301357 	 
107.98051235151794 	  0.0013748835102208679 	  -7.069234790525801e-5 	  -0.002504077649650038 	  0.0001131261912865652 	  0.0004214051878951932 	 
109.8835023692267 	  0.0011627179869954014 	  -6.620611518126681e-5 	  -0.0025170757257359866 	  0.00011455529473700709 	  0.0003922363847840655 	 
111.82002965147176 	  0.0009396274056422298 	  -6.132347373478444e-5 	  -0.002536683071764533 	  0.00011632628897225723 	  0.0003650048545654762 	 
113.79068524082398 	  0.0007201720168173118 	  -5.633217423273602e-5 	  -0.002552889571829888 	  0.00011800837457537481 	  0.0003402560248012404 	 
115.79607059606842 	  0.000518354308792365 	  -5.1414482961671814e-5 	  -0.002556361853589832 	  0.00011945855991130315 	  0.0003187939922259925 	 
117.83679777577332 	  0.0003396475828959409 	  -4.6790153023447643e-5 	  -0.002544299165687016 	  0.00012032517702777876 	  0.0003002314858111538 	 
119.91348962509578 	  0.0001859754901573925 	  -4.250308532256597e-5 	  -0.0025161420536336907 	  0.0001206106431980964 	  0.00028441369373224755 	 
122.026779965878 	  5.9888101679334874e-5 	  -3.8645336822158204e-5 	  -0.002471034107325763 	  0.0001202303355329421 	  0.00027114041179670466 	 
124.17731379009476 	  -4.3859583125969753e-5 	  -3.5139022986244144e-5 	  -0.0024133100095544086 	  0.0001193367013128307 	  0.0002598665673454343 	 
126.36574745671011 	  -0.00012458620652506283 	  -3.20554709218375e-5 	  -0.0023432334807704353 	  0.00011784740401173392 	  0.00025022855671836777 	 
128.59274889200225 	  -0.00018771044825020977 	  -2.9283709177092346e-5 	  -0.0022649883057291576 	  0.00011597503329405901 	  0.0002418656655568712 	 
130.8589977934205 	  -0.00023470776041228705 	  -2.6825926159964697e-5 	  -0.0021799865205867058 	  0.00011373600464929321 	  0.00023449614448088567 	 
133.16518583703325 	  -0.00026883492181777865 	  -2.4645832355566455e-5 	  -0.00209074491791529 	  0.00011119451636248 	  0.0002278524933993747 	 
135.51201688863299 	  -0.00029292130313849794 	  -2.267168049660416e-5 	  -0.001999407415917681 	  0.00010849052820680506 	  0.0002216066744602831 	 
137.90020721856175 	  -0.0003080628662998755 	  -2.0927703040477026e-5 	  -0.001906771243040468 	  0.00010557454881316903 	  0.0002157399655657118 	 
140.3304857203213 	  -0.000317114568933149 	  -1.9346908959918435e-5 	  -0.0018148099322294851 	  0.00010256012412658143 	  0.0002100451650262591 	 
142.80359413303793 	  -0.0003204393386081715 	  -1.7929409698069548e-5 	  -0.0017237417555633118 	  9.94572985261771e-5 	  0.0002044845508214565 	 
145.32028726784566 	  -0.00032023579996650237 	  -1.662411726381907e-5 	  -0.0016349815485749732 	  9.634713238778837e-5 	  0.00019894828370876138 	 
147.88133323826136 	  -0.0003165237422881979 	  -1.5441208525056892e-5 	  -0.0015484258482871736 	  9.321559721572881e-5 	  0.000193447283257946 	 
150.48751369461772 	  -0.00031069482647457793 	  -1.4353732400515852e-5 	  -0.0014648898160410987 	  9.009895686339061e-5 	  0.00018791927189196577 	 
153.13962406262917 	  -0.00030306280058900914 	  -1.3356744927586129e-5 	  -0.0013844311324236831 	  8.700384014002795e-5 	  0.0001823715735041483 	 
155.83847378616224 	  -0.00029425969841097776 	  -1.2439184392113912e-5 	  -0.0013073147936470606 	  8.394170763901257e-5 	  0.00017679034227084477 	 
158.58488657428276 	  -0.00028447378566068623 	  -1.1584612219050847e-5 	  -0.0012334845114115528 	  8.094643869436661e-5 	  0.00017120984429884033 	 
161.37970065265932 	  -0.00027412796985054963 	  -1.0790654849426102e-5 	  -0.0011630681417080164 	  7.801229450032045e-5 	  0.00016561095873690815 	 
164.22376901939475 	  -0.0002634551392546482 	  -1.0048429939910042e-5 	  -0.0010960428763162173 	  7.515204127971451e-5 	  0.0001600179827097864 	 
167.11795970536812 	  -0.0002525521373073141 	  -9.358393640394727e-6 	  -0.001032291395618592 	  7.235990946239704e-5 	  0.00015444881460551033 	 
170.06315603916474 	  -0.0002415717891700785 	  -8.718988517076234e-6 	  -0.0009717572113981613 	  6.963149994371686e-5 	  0.00014891403933763985 	 
173.06025691667327 	  -0.00023072832198788913 	  -8.118323925718374e-6 	  -0.0009144149173078837 	  6.698435863861285e-5 	  0.00014342132908348398 	 
176.1101770754371 	  -0.00021999374940404447 	  -7.579677979464569e-6 	  -0.0008601041271886965 	  6.436066165226721e-5 	  0.00013795713734667968 	 
179.2138473738376 	  -0.000209215594985571 	  -7.035254372760012e-6 	  -0.000808514326436945 	  6.191989931594387e-5 	  0.00013264125156779976 	 
182.3722150751998 	  -0.00019861087142938096 	  -6.549153859639953e-6 	  -0.0007597012766372921 	  5.9502758063829964e-5 	  0.000127387247383042 	 
185.58624413690444 	  -0.00018808474492055673 	  -6.10197141524017e-6 	  -0.000713441416359991 	  5.7153504600924074e-5 	  0.0001222387720607739 	 
188.85691550459407 	  -0.00017761596215040275 	  -5.694786808355415e-6 	  -0.0006695917063594213 	  5.486634951976589e-5 	  0.00011721043105727859 	 
192.1852274115662 	  -0.00016754766181808093 	  -5.31414185583411e-6 	  -0.0006282625529076822 	  5.265756307155387e-5 	  0.0001122783190408234 	 
195.57219568344027 	  -0.00015821988288550477 	  -4.945424471825324e-6 	  -0.0005895512657065073 	  5.054450942574524e-5 	  0.00010743654894829564 	 
199.01885404819578 	  -0.00014967484490626467 	  -4.5849747845020815e-6 	  -0.0005533482081028642 	  4.852732058491717e-5 	  0.00010269951919910859 	 
202.5262544516745 	  -0.00014211013022334776 	  -4.222891207039545e-6 	  -0.000519658419207125 	  4.661512327532029e-5 	  9.80670889260375e-5 	 
206.09546737864056 	  -0.0001355544585205135 	  -3.858934937280905e-6 	  -0.0004883699177322731 	  4.479870709498831e-5 	  9.354058213232706e-5 	 
209.7275821795022 	  -0.00012942492495805706 	  -3.5127221259812482e-6 	  -0.0004589664048639309 	  4.304469012011027e-5 	  8.916705274126414e-5 	 
213.42370740278793 	  -0.00012353348431581906 	  -3.182505622304041e-6 	  -0.000431239811374427 	  4.135892943293412e-5 	  8.494053805094918e-5 	 
217.18497113348542 	  -0.00011778544161392254 	  -2.8724991946992306e-6 	  -0.000405033604343582 	  3.973138863468013e-5 	  8.087396097990746e-5 	 
221.0125213373401 	  -0.00011179681216578453 	  -2.5973869903645265e-6 	  -0.00038001406510627684 	  3.8139578838222744e-5 	  7.69872135264055e-5 	 
224.90752621122337 	  -0.00010572137689237374 	  -2.350366346331342e-6 	  -0.00035622037714587033 	  3.659297919185635e-5 	  7.327415079143862e-5 	 
228.87117453967576 	  -9.976639164955128e-5 	  -2.1269449813117e-6 	  -0.0003337307933888877 	  3.50916489964516e-5 	  6.97082649084125e-5 	 
232.90467605773122 	  -9.37466082686894e-5 	  -1.931358162231978e-6 	  -0.0003123606077736565 	  3.36301810772051e-5 	  6.628956170221418e-5 	 
237.00926182013913 	  -8.793900127614567e-5 	  -1.7519273803387682e-6 	  -0.0002922344375222819 	  3.222293855865383e-5 	  6.300120902652625e-5 	 
241.18618457708976 	  -8.251763641024645e-5 	  -1.580196662390084e-6 	  -0.00027340311089365144 	  3.087848634630993e-5 	  5.983589228860284e-5 	 
245.43671915656367 	  -7.721751205089721e-5 	  -1.427403185201962e-6 	  -0.00025561988139771556 	  2.9577817746869177e-5 	  5.680869449833173e-5 	 
249.7621628534194 	  -7.232366455968584e-5 	  -1.2775280080113142e-6 	  -0.0002390269767523964 	  2.8343125640995772e-5 	  5.389711684388294e-5 	 
254.16383582533592 	  -6.780897195740993e-5 	  -1.1352275462416292e-6 	  -0.00022354140958332215 	  2.715991809116153e-5 	  5.110036858244592e-5 	 
258.64308149573657 	  -6.340337584692403e-5 	  -1.0094158296249487e-6 	  -0.0002089296566177634 	  2.601532256327068e-5 	  4.842862264719059e-5 	 
263.20126696381004 	  -5.9461671543580806e-5 	  -8.83605878731908e-7 	  -0.00019538271075956158 	  2.492860675174243e-5 	  4.585857107331358e-5 	 
267.8397834217601 	  -5.571956292342473e-5 	  -7.651916725548776e-7 	  -0.00018266584937530836 	  2.388973649003956e-5 	  4.340715822414028e-5 	 
272.56004657940866 	  -5.2122517703685083e-5 	  -6.605223909640976e-7 	  -0.00017070894356626111 	  2.2883950548330563e-5 	  4.106402424521284e-5 	 
277.36349709627893 	  -4.894279302710328e-5 	  -5.500007748750144e-7 	  -0.0001596425834212103 	  2.1941051242227735e-5 	  3.882781153463897e-5 	 
282.25160102129786 	  -4.5822820107763156e-5 	  -4.6300998350991527e-7 	  -0.00014920660276844617 	  2.100497929094743e-5 	  3.6671066906602425e-5 	 
287.22585024024306 	  -4.2913069611402e-5 	  -3.528780954137904e-7 	  -0.00013940606009288833 	  2.0175687850846247e-5 	  3.4698760289393913e-5 	 
292.2877629310785 	  -4.032679123978626e-5 	  -2.771284352877671e-7 	  -0.00013036214577715827 	  1.9309427989444325e-5 	  3.2753510525325936e-5 	 
297.4388840273143 	  -3.771125486236408e-5 	  -1.9212710077397302e-7 	  -0.00012177388827922906 	  1.852293670899402e-5 	  3.0903471034215266e-5 	 
302.6807856895305 	  -3.537549723578049e-5 	  -1.715736041972585e-7 	  -0.00011389650574869746 	  1.7626931044952422e-5 	  2.8994837700699444e-5 	 
308.0150677852139 	  -3.321031272600909e-5 	  -3.901224423960984e-8 	  -0.00010636966167403246 	  1.7034815790173295e-5 	  2.7492209045360084e-5 	 
313.44335837704745 	  -3.104407477950546e-5 	  2.3872164386540693e-8 	  -9.931730521160418e-5 	  1.6330072305902596e-5 	  2.592257143114965e-5 	 
318.9673142198097 	  -2.9164504713751628e-5 	  9.048063725796772e-8 	  -9.282281362887863e-5 	  1.5666364480503134e-5 	  2.4423052639634828e-5 	 
324.5886212660263 	  -2.7325537025544944e-5 	  1.4865730467473922e-7 	  -8.66927319258952e-5 	  1.502557299463094e-5 	  2.3006673584027375e-5 	 
330.30899518053633 	  -2.5565528283702885e-5 	  2.010290951083683e-7 	  -8.093568301658988e-5 	  1.4410559009114749e-5 	  2.1665942740151498e-5 	 
336.13018186412717 	  -2.4012787612471468e-5 	  2.5488135903719594e-7 	  -7.561752877459405e-5 	  1.3828584974021067e-5 	  2.0388017510468517e-5 	 
342.05395798639364 	  -2.2463722388707512e-5 	  2.997856260405191e-7 	  -7.057709839125189e-5 	  1.3265011766585039e-5 	  1.9184976491018184e-5 	 
348.082131527994 	  -2.106884354919477e-5 	  3.446991729871383e-7 	  -6.590497443332456e-5 	  1.2730249062228805e-5 	  1.8041931617201615e-5 	 
354.2165423324566 	  -1.973035820304471e-5 	  3.844877261372555e-7 	  -6.151234873966936e-5 	  1.2216082082771889e-5 	  1.69629059232029e-5 	 
360.45906266771465 	  -1.847593206394613e-5 	  4.212069539781159e-7 	  -5.7406958918785995e-5 	  1.1724268883132729e-5 	  1.5941769761501453e-5 	 
366.81159779753773 	  -1.732906698652372e-5 	  4.568310522519845e-7 	  -5.358722743270439e-5 	  1.125590491952402e-5 	  1.4974655263571863e-5 	 
373.2760865630298 	  -1.617798295059897e-5 	  4.848244766478859e-7 	  -4.996589984764805e-5 	  1.0801623117012223e-5 	  1.4065137951771686e-5 	 
379.8545019743811 	  -1.5231954399654693e-5 	  5.187470081449825e-7 	  -4.667045562621902e-5 	  1.037785075850711e-5 	  1.3197207470244112e-5 	 
386.5488518130427 	  -1.4159891466655811e-5 	  5.381146313080064e-7 	  -4.3463818983205946e-5 	  9.956815579331939e-6 	  1.2389422089242941e-5 	 
393.36117924451753 	  -1.3335838310186885e-5 	  5.671771269254436e-7 	  -4.059272771871034e-5 	  9.569638556335468e-6 	  1.1614094225040315e-5 	 
400.2935634419512 	  -1.2461895285163645e-5 	  5.871889224023858e-7 	  -3.7836975653982424e-5 	  9.18991067340264e-6 	  1.0890141892964486e-5 	 
407.3481202207082 	  -1.1602576288420455e-5 	  6.021603424591962e-7 	  -3.52381310863958e-5 	  8.823187132701431e-6 	  1.0209110012116589e-5 	 
414.5270026841376 	  -1.0980494976898126e-5 	  6.27889433417415e-7 	  -3.2931829767434376e-5 	  8.488080184570029e-6 	  9.555157917857606e-6 	 
421.8324018807136 	  -1.0133933132043461e-5 	  6.332480007438216e-7 	  -3.059963743491878e-5 	  8.143940317846787e-6 	  8.955508706324259e-6 	 
429.266547472761 	  -9.579015408117132e-6 	  6.539423797833279e-7 	  -2.8584223063852074e-5 	  7.836573920579246e-6 	  8.37361087508804e-6 	 
436.8317084169661 	  -8.926801855947003e-6 	  6.63615364558229e-7 	  -2.6609003175270823e-5 	  7.530209210165181e-6 	  7.836292605372138e-6 	 
444.53019365687624 	  -8.330352424256861e-6 	  6.720491402324155e-7 	  -2.477914062721833e-5 	  7.237178545349585e-6 	  7.325614238469143e-6 	 
452.36435282761 	  -7.822962308216969e-6 	  6.832513176760185e-7 	  -2.3101827023896172e-5 	  6.962179557053125e-6 	  6.8425648953920684e-6 	 
460.3365769729802 	  -7.286713273351229e-6 	  6.884062529542464e-7 	  -2.1497443219651872e-5 	  6.69292970170633e-6 	  6.391664196001042e-6 	 
468.4492992752599 	  -6.831675040401256e-6 	  6.958869631667181e-7 	  -2.002933904802198e-5 	  6.439573740432648e-6 	  5.964701223840384e-6 	 
476.7049957978088 	  -6.354724598505831e-6 	  6.968832704221135e-7 	  -1.862840183932286e-5 	  6.189162697970652e-6 	  5.5634707371884346e-6 	 
485.10618624078336 	  -5.993996651477085e-6 	  7.061945921538488e-7 	  -1.7374705946412062e-5 	  5.963547294752785e-6 	  5.184829382138213e-6 	 
493.65543471017156 	  -5.516504225309606e-6 	  7.015240955965671e-7 	  -1.611319055510788e-5 	  5.7301146661758026e-6 	  4.836163520489328e-6 	 
502.3553505003736 	  -5.251573225076453e-6 	  7.113592028779957e-7 	  -1.5059440528898294e-5 	  5.5263293855563305e-6 	  4.494417679205632e-6 	 
511.2085888905816 	  -4.8159425937716645e-6 	  7.040990204113731e-7 	  -1.3947766650345821e-5 	  5.310273088486561e-6 	  4.189659811543499e-6 	 
520.2178519551875 	  -4.553662923848403e-6 	  7.084097383051883e-7 	  -1.3012408969644927e-5 	  5.11905296234434e-6 	  3.889059942393143e-6 	 
529.3858893884775 	  -4.242123792092125e-6 	  7.061653128504502e-7 	  -1.2093220785909504e-5 	  4.928168104269596e-6 	  3.6130147091404913e-6 	 
538.7154993438611 	  -3.93083388076356e-6 	  7.013990668226787e-7 	  -1.1225486479522425e-5 	  4.7435792708182755e-6 	  3.354307244010075e-6 	 
548.2095292878844 	  -3.716133018471406e-6 	  7.029091220246369e-7 	  -1.0465898436389674e-5 	  4.575152402990924e-6 	  3.105977953003727e-6 	 
557.8708768693028 	  -3.429186447541193e-6 	  6.958298826222854e-7 	  -9.700893285380856e-6 	  4.403578197538156e-6 	  2.8797418142151167e-6 	 
567.7024908034608 	  -3.2184525918612426e-6 	  6.939024235389603e-7 	  -9.026587536580543e-6 	  4.246988332353588e-6 	  2.6631785160073723e-6 	 
577.707371772264 	  -3.004694060436881e-6 	  6.903527124153378e-7 	  -8.384196227181556e-6 	  4.095898347954679e-6 	  2.4659060047948152e-6 	 
587.8885733400108 	  -2.793605531877098e-6 	  6.827954426311473e-7 	  -7.78364202186342e-6 	  3.944076934036355e-6 	  2.272823624278721e-6 	 
598.2492028853594 	  -2.6123367518789203e-6 	  6.776924003468099e-7 	  -7.2324463201324386e-6 	  3.803445490799616e-6 	  2.095060726755707e-6 	 
608.7924225497273 	  -2.4371395971629915e-6 	  6.71676856823473e-7 	  -6.715643762832439e-6 	  3.668087479250555e-6 	  1.9283780979299643e-6 	 
619.5214502023969 	  -2.2709854762997076e-6 	  6.650446064507809e-7 	  -6.231911293828585e-6 	  3.5377593358007255e-6 	  1.7739015502403488e-6 	 
630.4395604226339 	  -2.1103681709450373e-6 	  6.572929832977846e-7 	  -5.77940698611994e-6 	  3.411767983234155e-6 	  1.6279682022611548e-6 	 
641.5500854991163 	  -1.9920584016799122e-6 	  6.527022653395488e-7 	  -5.378839266569353e-6 	  3.2949890808448734e-6 	  1.48864192218617e-6 	 
652.8564164469689 	  -1.8128734320204847e-6 	  6.402203103282859e-7 	  -4.960314518783785e-6 	  3.1734769614862506e-6 	  1.3651025886575736e-6 	 
664.3620040427313 	  -1.7476349918625118e-6 	  6.38773032472705e-7 	  -4.6392092646955675e-6 	  3.070578014882685e-6 	  1.2400654230567737e-6 	 
676.0703598775564 	  -1.5678353555502352e-6 	  6.237009972405393e-7 	  -4.261370585272878e-6 	  2.9551306144127187e-6 	  1.1331863652408356e-6 	 
687.985057428976 	  -1.5125790186496282e-6 	  6.213389209929694e-7 	  -3.985368583919287e-6 	  2.8603972104471174e-6 	  1.0236497718535617e-6 	 
700.1097331515554 	  -1.3739229249143143e-6 	  6.085353309560155e-7 	  -3.6690906684143696e-6 	  2.756253461405291e-6 	  9.300451216041417e-7 	 
712.4480875867604 	  -1.2986703725152335e-6 	  6.021398037437409e-7 	  -3.4126820611489084e-6 	  2.664762571857365e-6 	  8.370626465475544e-7 	 
725.0038864923972 	  -1.201808376630593e-6 	  5.923332840082164e-7 	  -3.1555414088694535e-6 	  2.5723429015751112e-6 	  7.530610540833106e-7 	 
737.7809619919432 	  -1.1231720744740725e-6 	  5.836590814127845e-7 	  -2.924932731591571e-6 	  2.4851117838158505e-6 	  6.736261997471422e-7 	 
750.7832137441454 	  -1.0397754903298984e-6 	  5.738038839008069e-7 	  -2.7033450620503563e-6 	  2.399854227161367e-6 	  6.010798057754031e-7 	 
764.014610133221 	  -9.784400827063073e-7 	  5.657372225888964e-7 	  -2.509169831724059e-6 	  2.3200486973464875e-6 	  5.313036504855065e-7 	 
777.479189480039 	  -8.983789796642896e-7 	  5.549702724508132e-7 	  -2.3125770666301554e-6 	  2.2402249159846915e-6 	  4.6999395881116835e-7 	 
791.1810612746491 	  -8.469058947499213e-7 	  4.6221317330776966e-7 	  -2.2884310779466795e-6 	  1.9689962463268394e-6 	  1.5453453269816494e-7 	 
805.1244074305225 	  -7.827915697767203e-7 	  5.362201759078957e-7 	  -1.981312177308976e-6 	  2.0918051732982658e-6 	  3.5537354327449953e-7 	 
819.3134835609102 	  -7.258280979662146e-7 	  5.266827382597051e-7 	  -1.8302572130789598e-6 	  2.022351665222804e-6 	  3.045586318994266e-7 	 
833.7526202776816 	  -6.850787671136952e-7 	  5.18397841733354e-7 	  -1.6978665543966224e-6 	  1.9561080349830126e-6 	  2.5588114838211183e-7 	 
848.4462245130624 	  -6.225104772204768e-7 	  5.065889734277988e-7 	  -1.5589323316896914e-6 	  1.888236198314804e-6 	  2.1362092043632933e-7 	 
863.3987808646654 	  -5.94819801290436e-7 	  4.992345678388445e-7 	  -1.4497985067713164e-6 	  1.8280030800362224e-6 	  1.7145010327249515e-7 	 
878.6148529642173 	  -3.613796016031808e-7 	  4.878944594169482e-7 	  -1.3287088359302637e-6 	  1.7655339051552918e-6 	  1.3668953208236362e-7 	 
894.0990848704206 	  -5.107823512993549e-7 	  4.792935900478556e-7 	  -1.23295530177251e-6 	  1.7077166265067581e-6 	  9.92728305389281e-8 	 
909.8562024863477 	  -4.7040886733589076e-7 	  4.6975343743059747e-7 	  -1.1315298117292125e-6 	  1.652020549586794e-6 	  7.241503293806848e-8 	 
925.8910150018253 	  -4.3846980984945036e-7 	  4.59585784985657e-7 	  -1.0466346875098382e-6 	  1.5955712261748279e-6 	  3.8450922850805175e-8 	 
942.2084163612376 	  -4.0681554493838383e-7 	  4.500324954865298e-7 	  -9.637427739911766e-7 	  1.542761563879093e-6 	  1.2352928195288151e-8 	 
958.8133867571879 	  -3.79014189453515e-7 	  4.4060289564686877e-7 	  -8.886541449761813e-7 	  1.4915118638355175e-6 	  -1.2464150906535595e-8 	 
975.7109941504982 	  -3.4947488211910177e-7 	  4.3081064538495365e-7 	  -8.163763206539175e-7 	  1.441724252223344e-6 	  -3.422187597400527e-8 	 
992.9063958169821 	  -3.277460149507629e-7 	  4.220914987399773e-7 	  -7.528323854578739e-7 	  1.3947976369127215e-6 	  -5.431284243441134e-8 	 
1010.4048399214864 	  -3.011346219485642e-7 	  4.1215042925846137e-7 	  -6.901221061420029e-7 	  1.3476946556410307e-6 	  -7.236228994450999e-8 	 
1028.2116671196736 	  -2.811489503685929e-7 	  4.031041865919919e-7 	  -6.352043092979868e-7 	  1.3031229985612968e-6 	  -8.960366893079899e-8 	 
1046.3323121880223 	  -2.608954990976663e-7 	  3.9401727318927506e-7 	  -5.826452987592031e-7 	  1.2600325035529233e-6 	  -1.0403577882963862e-7 	 
1064.77230568257 	  -2.402370616528351e-7 	  3.845060246996579e-7 	  -5.331299651164376e-7 	  1.2175950309899896e-6 	  -1.1722188818937177e-7 	 
1083.5372756268719 	  -2.2538154658266342e-7 	  3.7584237030455576e-7 	  -4.903069046951707e-7 	  1.177305813385673e-6 	  -1.298563039814528e-7 	 
1102.6329492297234 	  -2.0593866685148335e-7 	  3.6628269973888417e-7 	  -4.4673475017805575e-7 	  1.1371975246634068e-6 	  -1.3968526782972204e-7 	 
1122.0651546331405 	  -1.9290815708133238e-7 	  3.5843181024799983e-7 	  -4.079373680850712e-7 	  1.1010337485769257e-6 	  -1.4578828879552397e-7 	 
1141.8398226911547 	  -1.7732157756387256e-7 	  3.488047633358883e-7 	  -3.7328372944222255e-7 	  1.062422005793714e-6 	  -1.564256339153779e-7 	 
1161.9629887799572 	  -1.640760758460475e-7 	  3.4001560065774885e-7 	  -3.408409731489404e-7 	  1.0263980110169412e-6 	  -1.6360729181954253e-7 	 
1182.4407946399335 	  -1.5205809474646853e-7 	  3.314941662290686e-7 	  -3.105351301119132e-7 	  9.917749245007338e-7 	  -1.6889615982162116e-7 	 
1203.2794902501767 	  -1.40203420993549e-7 	  3.2271066471075173e-7 	  -2.8249031136380854e-7 	  9.57475364673564e-7 	  -1.7382943789198047e-7 	 
1224.4854357360205 	  -1.289052378490695e-7 	  3.142984963377987e-7 	  -2.560022935148802e-7 	  9.248646249726456e-7 	  -1.7728468414445e-7 	 
1246.0651033101992 	  -1.2038237204342987e-7 	  3.0604985225895715e-7 	  -2.3297073569752826e-7 	  8.928087691396826e-7 	  -1.8079150793860373e-7 	 
1268.0250792482202 	  -1.0847362379963075e-7 	  2.975702743374569e-7 	  -2.095892404123061e-7 	  8.619172011243648e-7 	  -1.8381055532645953e-7 	 
1290.3720658985355 	  1.1417992486088945e-7 	  2.9047950423580856e-7 	  -1.8896867743554738e-7 	  8.334291060470491e-7 	  -1.8267480592512954e-7 	 
1313.1128837281576 	  -9.157828016265933e-8 	  2.827295604044295e-7 	  -1.6589448057753428e-7 	  8.057133984189247e-7 	  -1.8029124497511356e-7 	 
1336.254473404309 	  -8.698264296470142e-8 	  2.733374880396584e-7 	  -1.5343486974020234e-7 	  7.730020054931657e-7 	  -1.8777573990238724e-7 	 
1359.8038979127691 	  -7.773035702216088e-8 	  2.6530641340641673e-7 	  -1.3440950238555647e-7 	  7.454634631560181e-7 	  -1.8594279241705562e-7 	 
1383.768344713554 	  -7.250760809430252e-8 	  2.573299801185398e-7 	  -1.2107702295693359e-7 	  7.174687421350081e-7 	  -1.877753638413042e-7 	 
1408.1551279345736 	  -6.558561404043273e-8 	  2.494692118014327e-7 	  -1.059284856747356e-7 	  6.908827254854104e-7 	  -1.8608080131894322e-7 	 
1432.9716906039691 	  -5.986700401257811e-8 	  2.41980314880473e-7 	  -9.266096853563848e-8 	  6.654478546825829e-7 	  -1.8443259875744465e-7 	 
1458.2256069217708 	  -5.456634822002065e-8 	  2.3437500548628934e-7 	  -8.063934667286559e-8 	  6.401091890143636e-7 	  -1.8277927130080107e-7 	 
1483.9245845716043 	  -4.905586764495374e-8 	  2.2685570830405095e-7 	  -6.88475460636394e-8 	  6.15630918183318e-7 	  -1.799617520940148e-7 	 
1510.0764670731387 	  -4.452383842049737e-8 	  2.195113201135727e-7 	  -5.863238451445935e-8 	  5.917312243927971e-7 	  -1.775364722876494e-7 	 
1536.6892361759749 	  -4.007520992081225e-8 	  2.1220053153905637e-7 	  -4.864525108462066e-8 	  5.684004342053057e-7 	  -1.7402896658326116e-7 	 
1563.7710142957494 	  -3.564660883032782e-8 	  2.049614122819985e-7 	  -3.9657551811579314e-8 	  5.456502463859878e-7 	  -1.709096115366489e-7 	 
1591.3300669931418 	  -3.235063414236397e-8 	  1.9858937091384905e-7 	  -3.0101623636668704e-8 	  5.250048723458473e-7 	  -1.6469737864613e-7 	 
1619.3748054966 	  -2.8143726827224836e-8 	  1.908723428310392e-7 	  -2.30236703516212e-8 	  5.018939848522453e-7 	  -1.626535479750984e-7 	 
1647.9137892694969 	  -2.5289475222242842e-8 	  1.840288172930086e-7 	  -1.573768507050947e-8 	  4.807299972517037e-7 	  -1.580812775821339e-7 	 
1676.9557286225488 	  -2.162972685715477e-8 	  1.763057694952119e-7 	  -9.299877902283395e-9 	  4.581890403892745e-7 	  -1.5494935540635213e-7 	 
1706.5094873722715 	  -1.901037674533749e-8 	  1.7070408511408394e-7 	  -1.2449166368587074e-9 	  4.4057998200135724e-7 	  -1.4725553491648164e-7 	 
1736.5840855462714 	  -1.6089445471058195e-8 	  1.6407827551056545e-7 	  5.560875630163864e-9 	  4.2101505017304273e-7 	  -1.413009143928362e-7 	 
1767.1887021362386 	  -1.3264661143673247e-8 	  1.5720682339384788e-7 	  1.1124111735712042e-8 	  4.0115841147490303e-7 	  -1.3684837064420959e-7 	 
1798.3326778994324 	  -1.1067108657454798e-8 	  1.5055016865266407e-7 	  1.661243521836271e-8 	  3.818810126933686e-7 	  -1.3143934653147384e-7 	 
1830.025518209555 	  -8.23427182314402e-9 	  1.440578915387222e-7 	  2.214030075501932e-8 	  3.6350763976380716e-7 	  -1.2577891350668855e-7 	 
1862.2768959578668 	  -6.308740144613201e-9 	  1.3790591262806288e-7 	  2.7794306428364618e-8 	  3.458455765887783e-7 	  -1.1868712804373754e-7 	 
1895.0966545054139 	  -3.906937983248848e-9 	  1.3179140212029053e-7 	  3.3100774177508917e-8 	  3.287671052732509e-7 	  -1.12055960303173e-7 	 
1928.494810687309 	  -1.956376512300861e-9 	  1.252185508811477e-7 	  3.7646707925743526e-8 	  3.1065086322301266e-7 	  -1.0593499853713331e-7 	 
1962.4815578699313 	  -4.150457082908416e-11 	  1.193960402919173e-7 	  4.26156752701335e-8 	  2.945877816887159e-7 	  -9.868138190658053e-8 	 
1997.0672690620238 	  1.6891564798520488e-9 	  1.1286516417070101e-7 	  4.6997587618011344e-8 	  2.7709595708065994e-7 	  -9.203364649323484e-8 	 
2032.2625000806186 	  3.4278513668653697e-9 	  1.0658635910616371e-7 	  5.04918022459795e-8 	  2.60174254130839e-7 	  -8.626907473147308e-8 	 
2068.077992772737 	  5.510552012343912e-9 	  1.002800098016798e-7 	  5.5233177061399005e-8 	  2.436953410420288e-7 	  -7.830080727745585e-8 	 
2104.524678293899 	  6.834263548255225e-9 	  9.462575162753143e-8 	  5.94397613308705e-8 	  2.285206175692977e-7 	  -7.037740865356941e-8 	 
2141.6136804443754 	  8.767536437667503e-9 	  8.882640324516418e-8 	  6.469773817966474e-8 	  2.135444011334391e-7 	  -6.065955804318085e-8 	 
2179.3563190642653 	  9.928418677837493e-9 	  8.448068861599046e-8 	  7.125583477547925e-8 	  2.0174352874517058e-7 	  -4.779096503249765e-8 	 
2217.7641134883993 	  1.1681659285844929e-8 	  7.644453619806851e-8 	  7.142571491029141e-8 	  1.8182635183632135e-7 	  -4.654213964733275e-8 	 
2256.8487860621126 	  1.2985210084750743e-8 	  6.987654690193084e-8 	  7.572787150407533e-8 	  1.650659335152608e-7 	  -3.710092843601623e-8 	 
2296.6222657190083 	  1.4668902038114867e-8 	  6.45274614025748e-8 	  8.121135532587469e-8 	  1.5163936860145052e-7 	  -2.5729604124996466e-8 	 
2337.0966916217417 	  1.5866443893068334e-8 	  5.589320083238277e-8 	  8.22469722001769e-8 	  1.302038878669757e-7 	  -2.1664479511494313e-8 	 
2378.2844168669976 	  1.7666852984709353e-8 	  5.0784301655700864e-8 	  8.931335352671318e-8 	  1.1749267150953118e-7 	  -7.0564313387194326e-9 	 
2420.198012255736 	  1.897103556460995e-8 	  4.4493826438260384e-8 	  9.52037356156583e-8 	  1.0165566142378878e-7 	  5.942398269651076e-9 	 
2462.8502701298967 	  2.081322752927351e-8 	  3.701644984901148e-8 	  1.0041812375997081e-7 	  8.340965412218034e-8 	  1.744820903021233e-8 	 
2506.2542082767286 	  2.214901766686676e-8 	  3.030416156652042e-8 	  1.0537914839105898e-7 	  6.671704000269173e-8 	  2.87223018423532e-8 	 
2550.4230739018953 	  2.437535799830224e-8 	  2.1365678464377033e-8 	  1.1441260547318344e-7 	  4.494477042553493e-8 	  4.715720863632641e-8 	 
2595.370347672644 	  2.6711477543385946e-8 	  1.1757115130228759e-8 	  1.2326911188633712e-7 	  2.1559273020430278e-8 	  6.524369937735926e-8 	 
2641.109747832185 	  2.9051720772400574e-8 	  1.7698511367422982e-9 	  1.3455298075908648e-7 	  -2.8376621293933e-9 	  8.767171621179428e-8 	 
2687.655234386611 	  3.192495488467661e-8 	  -8.707844845541581e-9 	  1.4598962183133335e-7 	  -2.8328803878135694e-8 	  1.1023198743860994e-7 	 
2735.0210133656037 	  3.16383160973259e-8 	  -1.1324828808004727e-8 	  1.45455665304161e-7 	  -3.5805852817931114e-8 	  1.1140415327373914e-7 	 
2783.2215411581997 	  3.062080209588346e-8 	  -9.322496333687286e-9 	  1.3569544361821374e-7 	  -3.233483079976703e-8 	  9.589456504031347e-8 	 
2832.2715289250114 	  2.812006605746681e-8 	  -4.186034169806529e-9 	  1.2199615016436965e-7 	  -2.182959408235404e-8 	  7.364749982247891e-8 	 
2882.1859470881627 	  2.6169523013362777e-8 	  5.042669704856893e-10 	  1.102272257214668e-7 	  -1.2111177391003296e-8 	  5.4824236134326486e-8 	 
2932.9800299003823 	  2.4446391563303944e-8 	  3.717024465758146e-9 	  1.0019362493408742e-7 	  -5.933856961179946e-9 	  3.933378931580498e-8 	 
2984.6692800946194 	  2.305111099372837e-8 	  1.0210483293246115e-8 	  9.877270330478363e-8 	  8.004088042954148e-9 	  3.9365480018796174e-8 	 
3037.269473615574 	  2.192337342383124e-8 	  6.995347884381605e-9 	  8.341721972060575e-8 	  -6.167315229995519e-10 	  1.433372357328142e-8 	 
3090.796664434656 	  2.0848808239314735e-8 	  9.070645151577474e-9 	  7.840035584497102e-8 	  3.093650716812186e-9 	  7.97167958839735e-9 	 
3145.267189449756 	  1.9939235472911355e-8 	  9.975174706519996e-9 	  7.272277766079414e-8 	  4.179488200232149e-9 	  4.051914657442166e-10 	 
3200.6976734713967 	  1.9147467360847973e-8 	  9.301609015074196e-9 	  6.542211481728369e-8 	  1.6850336654134034e-9 	  -1.0091378268942944e-8 	 
3257.10503429676 	  1.83530722651376e-8 	  9.482123964208782e-9 	  6.019356113463225e-8 	  1.1433219577716374e-9 	  -1.679243485790023e-8 	 
3314.506487873102 	  1.767130585523062e-8 	  9.719840219934261e-9 	  5.5884131526136896e-8 	  9.389272708972015e-10 	  -2.1939116303991118e-8 	 
3372.919553552214 	  1.7031854859478207e-8 	  9.748725816639796e-9 	  5.160355581229437e-8 	  1.6939357257229612e-10 	  -2.700424529478638e-8 	 
3432.362059437434 	  1.643266494566565e-8 	  9.26619677506851e-9 	  4.6970705941990283e-8 	  -1.696214076504642e-9 	  -3.274571945087835e-8 	 
3492.8521478249413 	  1.5944840417918165e-8 	  9.006811044289763e-9 	  4.318134964812871e-8 	  -2.915248556538045e-9 	  -3.703209664035308e-8 	 
3554.408280740901 	  1.5307297136996384e-8 	  8.703764366403114e-9 	  3.9474096877203034e-8 	  -4.329726094581579e-9 	  -4.11179100556237e-8 	 
3617.049245576217 	  1.4837925541210464e-8 	  8.08724347093984e-9 	  3.571598457041048e-8 	  -6.284320713392395e-9 	  -4.5421584208832705e-8 	 
3680.7941608205992 	  1.4372793764621677e-8 	  8.447935037659725e-9 	  3.3729614850108445e-8 	  -6.0233531561180806e-9 	  -4.6572331279478234e-8 	 
3745.662481897642 	  1.3891917304434877e-8 	  8.34620571906783e-9 	  3.1167461769646616e-8 	  -6.827319994771791e-9 	  -4.87968763144655e-8 	 
3811.6740071027934 	  1.3623953686337038e-8 	  7.411589141705498e-9 	  2.7558171237065433e-8 	  -9.424278008630855e-9 	  -5.3029697244105504e-8 	 
3878.848883645918 	  1.3106062274878601e-8 	  6.064306229137127e-9 	  2.3255327962601243e-8 	  -1.3094238990244155e-8 	  -5.8468402811904427e-8 	 
3947.2076138003845 	  1.2777949145643425e-8 	  5.402321519088328e-9 	  2.0390368806673145e-8 	  -1.5031848354130112e-8 	  -6.1457539285523e-8 	 
4016.7710611605276 	  1.2355013650392837e-8 	  -1.2144906478644485e-7 	  -1.92690572503435e-7 	  -3.114220862985307e-7 	  -4.428873937897081e-7 	 
4087.560457009342 	  1.2043705648672473e-8 	  1.5405731068249203e-8 	  3.380256129766733e-8 	  7.454575835284086e-9 	  -3.316355283754146e-8 	 
4159.5974067984625 	  1.1798755406739438e-8 	  3.2478438519760867e-9 	  1.2160889843470322e-8 	  -2.1252609047405727e-8 	  -7.018304022295788e-8 	 
4232.903896742278 	  1.1429244597772576e-8 	  2.7969876830051007e-9 	  1.0061723216283868e-8 	  -2.267022756776253e-8 	  -7.202612796068113e-8 	 
4307.502300528305 	  1.1168860226367117e-8 	  2.0191114445791046e-9 	  7.511649744913615e-9 	  -2.483134556878675e-8 	  -7.473519443025768e-8 	 
4383.41538614581 	  1.0828524792068964e-8 	  1.0568048329584786e-9 	  4.824911280913474e-9 	  -2.732039068256971e-8 	  -7.775949894251265e-8 	 
4460.666322834745 	  1.0570077651861779e-8 	  2.1314198187377907e-9 	  5.464511713589692e-9 	  -2.519052590067365e-8 	  -7.485179313958685e-8 	 
4539.278688157207 	  1.0402352385304626e-8 	  2.0626258011264e-9 	  4.3953902968303326e-9 	  -2.5605317925169012e-8 	  -7.512475752023163e-8 	 
4619.276475193451 	  1.0084113069698406e-8 	  -6.322660832993516e-10 	  -1.063183280360462e-9 	  -3.218266432458057e-8 	  -8.327939401842887e-8 	 
4700.684099864773 	  9.891189047886382e-9 	  -1.4477492847071745e-9 	  -3.3141709105028142e-9 	  -3.435160826663829e-8 	  -8.572193140553434e-8 	 
4783.526408385447 	  9.624730095988568e-9 	  -2.273056113025722e-9 	  -5.5020750114004226e-9 	  -3.65152651986018e-8 	  -8.812187615295078e-8 	 
4867.828684845938 	  9.344011291600973e-9 	  -1.5270177368031366e-9 	  -5.051032876609146e-9 	  -3.5025256961540704e-8 	  -8.580864115449148e-8 	 
4953.616658929837 	  9.199600422829888e-9 	  -2.6848853248754903e-9 	  -7.726052201716435e-9 	  -3.8022365322208853e-8 	  -8.930354414982694e-8 	 
5040.9165137667105 	  8.97491232729291e-9 	  -4.379434003357343e-9 	  -1.1221650267568012e-8 	  -4.2224397419930274e-8 	  -9.432044391239822e-8 	 
5129.7548939234275 	  8.792518142395384e-9 	  -5.261578238499719e-9 	  -1.3362134671226005e-8 	  -4.4560023665049163e-8 	  -9.694547094768411e-8 	 
5220.1589135362465 	  8.588776468055722e-9 	  -5.301728629355297e-9 	  -1.4006545466327456e-8 	  -4.488098997282378e-8 	  -9.697988587395895e-8 	 
5312.156164586265 	  8.392801819246598e-9 	  -6.742535967971937e-9 	  -1.6987419194089837e-8 	  -4.8500532621840055e-8 	  -1.0129228812185262e-7 	 
5405.774725320715 	  8.277571387186432e-9 	  -7.662542935787721e-9 	  -1.905380468676344e-8 	  -5.089797410603926e-8 	  -1.0405850295358102e-7 	 
5501.043168822617 	  8.114237447370488e-9 	  -8.23208377801044e-9 	  -2.0525631857793097e-8 	  -5.2541097529879124e-8 	  -1.059543926634636e-7 	 
5597.990571731539 	  7.90858196508301e-9 	  -8.881024468223349e-9 	  -2.2104391233117932e-8 	  -5.4337227236958435e-8 	  -1.0803534171426225e-7 	 
5696.646523117965 	  7.756496207320928e-9 	  -8.356448695201717e-9 	  -2.1682709869395768e-8 	  -5.333750653291348e-8 	  -1.0650493665207843e-7 	 
5797.0411335141225 	  7.630127188115387e-9 	  -9.43304235507935e-9 	  -2.390301441737227e-8 	  -5.6043498158062046e-8 	  -1.0973556148722516e-7 	 
5899.205044103951 	  7.493373937509006e-9 	  -1.0076805589849464e-8 	  -2.538799991230956e-8 	  -5.7727063417762455e-8 	  -1.1165625799866231e-7 	 
6003.169436074985 	  7.288246451482389e-9 	  -1.0659077684316986e-8 	  -2.6734681841778823e-8 	  -5.922237082794622e-8 	  -1.1332390536947558e-7 	 
6108.966040135128 	  7.18952972818577e-9 	  -1.2297606902313542e-8 	  -2.985149248673224e-8 	  -6.323313502585844e-8 	  -1.182808623023256e-7 	 
