# Parameters used in this integration map:
# x_min = 0 	 x_max = 3 	 x_step = 0.1
# mu_min = -1 	 mu_max = 1 	 mu_step = 0.1
# computational time (in s) : 1641.978
# kwards passed: 
# 		rtol = 0.001
# 		atol = 0.001
#
#x 	 mu 	 F 	 F_error
0.0	 -1.0 0.0	 0.0
0.0	 -0.9 39.43220654193823	 0.03943210670620342
0.0	 -0.8 39.472014172392	 0.03947200746161017
0.0	 -0.7 39.39534669268055	 0.039395240659820877
0.0	 -0.6 39.44329757881832	 0.039443211281266106
0.0	 -0.5 39.437145594056	 0.039437074758150344
0.0	 -0.4 39.41102786685938	 0.039410728557421434
0.0	 -0.3 39.418847606329344	 0.03941839474515259
0.0	 -0.2 39.371605324952014	 0.0393713039790877
0.0	 -0.1 39.42864644552743	 0.03942844287070693
0.0	 0.0 39.415812654475474	 0.039415752212684035
0.0	 0.1 39.42864643956687	 0.0394283940085556
0.0	 0.2 39.37160642710276	 0.039370936158406936
0.0	 0.3 39.41884419028813	 0.03941879964304616
0.0	 0.4 39.411022201519174	 0.03941077489334335
0.0	 0.5 39.437146119903616	 0.03943714606196192
0.0	 0.6 39.4432947228477	 0.039443155247618024
0.0	 0.7 39.39534821049004	 0.03939525973792749
0.0	 0.8 39.47201263714224	 0.03947188982399012
0.0	 0.9 39.432197861579475	 0.03943209458414129
0.0	 1.0 0.0	 0.0
0.1	 -1.0 0.0	 0.0
0.1	 -0.9 38.83180149578459	 0.038831606519379364
0.1	 -0.8 38.65375822339798	 0.03865374435606658
0.1	 -0.7 38.433064662754774	 0.03843297808935768
0.1	 -0.6 38.37879576537138	 0.03837857076131954
0.1	 -0.5 38.2958393050111	 0.03829566556425156
0.1	 -0.4 38.21777014577718	 0.038217718686819654
0.1	 -0.3 38.18654930699873	 0.038186430046902885
0.1	 -0.2 38.12642025745604	 0.038126005739279115
0.1	 -0.1 38.17427522317799	 0.03817407956022174
0.1	 0.0 38.0185802682739	 0.038018315724557626
0.1	 0.1 38.196788970106404	 0.03819651744457685
0.1	 0.2 37.95983453702242	 0.03795931897777866
0.1	 0.3 38.26032235083088	 0.03826028080861457
0.1	 0.4 38.309065287378886	 0.03830901757526706
0.1	 0.5 37.59032669580639	 0.03759014519956291
0.1	 0.6 38.30212860278591	 0.03830194611789127
0.1	 0.7 38.46287856766593	 0.038462793251265816
0.1	 0.8 38.77437649885204	 0.03877426427568595
0.1	 0.9 38.88592603545363	 0.038885919817353516
0.1	 1.0 0.0	 0.0
0.2	 -1.0 0.0	 0.0
0.2	 -0.9 38.10338343674038	 0.038103337686171586
0.2	 -0.8 37.689164384636996	 0.037689153897255245
0.2	 -0.7 37.32886011260714	 0.03732877808425206
0.2	 -0.6 37.187288756281774	 0.03718719334435115
0.2	 -0.5 37.050128880972835	 0.03705006950141224
0.2	 -0.4 36.944488210262676	 0.03694438812675385
0.2	 -0.3 36.906126899983164	 0.03690611788957691
0.2	 -0.2 36.85032984998212	 0.0368500998600088
0.2	 -0.1 36.92187300607424	 0.03692163669063728
0.2	 0.0 36.350113581315895	 0.036349944076631634
0.2	 0.1 36.78062175439066	 0.03678044660020729
0.2	 0.2 37.033539719234064	 0.03703338139600712
0.2	 0.3 37.178881620061624	 0.037178880432212104
0.2	 0.4 36.313899220962156	 0.03631372590034161
0.2	 0.5 37.095698069588224	 0.03709559031877146
0.2	 0.6 37.662771246074946	 0.03766267826846091
0.2	 0.7 37.84199787136498	 0.037841874947013736
0.2	 0.8 38.1156321084028	 0.03811553090679367
0.2	 0.9 38.5069799808944	 0.03850677868040419
0.2	 1.0 0.0	 0.0
0.3	 -1.0 0.0	 0.0
0.3	 -0.9 37.20839334837201	 0.037208304226091685
0.3	 -0.8 36.549400480638084	 0.03654935900418874
0.3	 -0.7 36.07006664725512	 0.03606992754550573
0.3	 -0.6 35.8709260251543	 0.03587075581723925
0.3	 -0.5 35.7125333340635	 0.03571236211446188
0.3	 -0.4 35.61264060372092	 0.03561254171567176
0.3	 -0.3 35.59737531847701	 0.035597320957509754
0.3	 -0.2 35.57356795653013	 0.03557355746320038
0.3	 -0.1 35.10101509351465	 0.03510090582688875
0.3	 0.0 35.52645639969804	 0.03552647126550373
0.3	 0.1 35.884574300029	 0.035884507934284195
0.3	 0.2 35.6184509847782	 0.035618286065661024
0.3	 0.3 36.155097081052155	 0.03615493623893962
0.3	 0.4 35.85786285222326	 0.035857835710173355
0.3	 0.5 36.55815072836921	 0.03655813375323717
0.3	 0.6 36.92050954275039	 0.03692031980233359
0.3	 0.7 35.60122641579807	 0.03560110627130658
0.3	 0.8 37.08556858064952	 0.03708552813683718
0.3	 0.9 38.1381626423024	 0.038138103621523166
0.3	 1.0 0.0	 0.0
0.4	 -1.0 0.0	 0.0
0.4	 -0.9 36.094171741234355	 0.036094060573715864
0.4	 -0.8 35.20755236902203	 0.035207451060972624
0.4	 -0.7 34.65258856428201	 0.03465257234113456
0.4	 -0.6 34.44062299891084	 0.03444044688719702
0.4	 -0.5 34.30548420296344	 0.03430533642079671
0.4	 -0.4 34.24799194607062	 0.03424781681198002
0.4	 -0.3 34.28850915670405	 0.034288453536576204
0.4	 -0.2 34.153515175367296	 0.03415312650742774
0.4	 -0.1 34.27638475136636	 0.034276327326472025
0.4	 0.0 34.63765555602064	 0.03463753002358459
0.4	 0.1 34.81040308559859	 0.03481030542121582
0.4	 0.2 34.93437447789287	 0.03493383729501807
0.4	 0.3 34.65487212531877	 0.0346544070259123
0.4	 0.4 35.37097696670332	 0.035370918263614395
0.4	 0.5 35.91033084818463	 0.035910142862846606
0.4	 0.6 36.2725558929738	 0.03627221887882178
0.4	 0.7 35.452853948701005	 0.03545272772705778
0.4	 0.8 36.88904533621953	 0.03688899600603459
0.4	 0.9 37.832059266427315	 0.03783204527948996
0.4	 1.0 0.0	 0.0
0.5	 -1.0 0.0	 0.0
0.5	 -0.9 34.69543021915813	 0.034695391581055945
0.5	 -0.8 33.64405446100677	 0.03364394493464091
0.5	 -0.7 33.095189172686624	 0.03309518038523002
0.5	 -0.6 32.91539055104626	 0.03291522399082069
0.5	 -0.5 32.860943542117326	 0.032860776458099525
0.5	 -0.4 32.883076944176125	 0.03288274942626583
0.5	 -0.3 33.00520060331017	 0.03300515398307903
0.5	 -0.2 32.91527879184837	 0.03291484386048312
0.5	 -0.1 33.374837519229175	 0.03337482113291108
0.5	 0.0 33.59590592896743	 0.03359579753511811
0.5	 0.1 33.781606383180865	 0.033781521898763565
0.5	 0.2 33.94312983140525	 0.03394244299051548
0.5	 0.3 34.195889821110846	 0.03419531383529117
0.5	 0.4 34.824789805536376	 0.034824585505574886
0.5	 0.5 35.250685493125665	 0.03525054093661192
0.5	 0.6 35.58352256625948	 0.035583414228409126
0.5	 0.7 35.3005104154765	 0.03530039806547851
0.5	 0.8 36.67960003638081	 0.036679584564269306
0.5	 0.9 37.54655284891567	 0.03754651266830899
0.5	 1.0 0.0	 0.0
0.6	 -1.0 0.0	 0.0
0.6	 -0.9 32.94202116612724	 0.03294182651637049
0.6	 -0.8 31.860946348329975	 0.031860926516287934
0.6	 -0.7 31.413718788724257	 0.03141364160548395
0.6	 -0.6 31.352624030831006	 0.03135257512118047
0.6	 -0.5 31.391542288137252	 0.03139145409833395
0.6	 -0.4 31.54766664153467	 0.031547507161209076
0.6	 -0.3 31.587267055297392	 0.03158712837259803
0.6	 -0.2 31.989765564134498	 0.03198956418482244
0.6	 -0.1 31.937243812958805	 0.03193691438323387
0.6	 0.0 32.53350004892252	 0.03253342959093027
0.6	 0.1 32.9963705100251	 0.032996317605830286
0.6	 0.2 33.311924261004854	 0.0333116888091345
0.6	 0.3 33.6968918840538	 0.03369642709774249
0.6	 0.4 34.16987051242899	 0.034169516954724366
0.6	 0.5 32.5971728417981	 0.03259699030922768
0.6	 0.6 35.18275026841298	 0.03518272644831657
0.6	 0.7 35.143470300333576	 0.03514346306106919
0.6	 0.8 36.44896453476017	 0.03644894784933408
0.6	 0.9 37.32073410321038	 0.037320607491366724
0.6	 1.0 0.0	 0.0
0.7	 -1.0 0.0	 0.0
0.7	 -0.9 30.77569944904722	 0.030775632318415912
0.7	 -0.8 29.893899673545008	 0.02989389959359048
0.7	 -0.7 29.66696152861948	 0.02966689552645987
0.7	 -0.6 29.792397145062946	 0.0297921380966107
0.7	 -0.5 30.007762795294287	 0.030007638650753576
0.7	 -0.4 30.27549594172158	 0.030275277779211858
0.7	 -0.3 30.618340682689983	 0.030618135109690824
0.7	 -0.2 30.936055631475153	 0.030935767016911985
0.7	 -0.1 31.272444793046592	 0.03127219613873477
0.7	 0.0 30.97165419586706	 0.03097144143335531
0.7	 0.1 31.76241231536664	 0.03176228765562241
0.7	 0.2 32.48459129492875	 0.032484003630016134
0.7	 0.3 33.09354334958233	 0.03309343250067347
0.7	 0.4 33.5745718352811	 0.03357413084651818
0.7	 0.5 32.47734563815796	 0.03247729994188898
0.7	 0.6 34.7073078464765	 0.034706593050711644
0.7	 0.7 35.342798205674264	 0.03534266652926436
0.7	 0.8 36.16693319611263	 0.036166837696521015
0.7	 0.9 37.109468050347246	 0.03710938613637205
0.7	 1.0 0.0	 0.0
0.8	 -1.0 0.0	 0.0
0.8	 -0.9 28.20755638097586	 0.028207409468995418
0.8	 -0.8 27.82006188934566	 0.027820024445498404
0.8	 -0.7 27.919509028262485	 0.027919407945611683
0.8	 -0.6 28.27897410464889	 0.028278837745698795
0.8	 -0.5 28.66540319317418	 0.028665309780943553
0.8	 -0.4 29.09352103844078	 0.02909339531059974
0.8	 -0.3 29.54334244592584	 0.029543220431662038
0.8	 -0.2 29.96233848870625	 0.029961783063882256
0.8	 -0.1 30.482643263150937	 0.03048250633645331
0.8	 0.0 30.54294842637262	 0.03054269154711501
0.8	 0.1 31.299556708808034	 0.03129936687935333
0.8	 0.2 31.923518136568493	 0.0319231036677818
0.8	 0.3 32.4964301038292	 0.0324961212208421
0.8	 0.4 33.028032319096596	 0.03302803119136589
0.8	 0.5 32.3553473735276	 0.03235530169776657
0.8	 0.6 34.317870667653075	 0.03431771824469687
0.8	 0.7 34.997154997803456	 0.03499710601081656
0.8	 0.8 35.89379087221942	 0.03589371802240479
0.8	 0.9 36.92168892195965	 0.036921666782700986
0.8	 1.0 0.0	 0.0
0.9	 -1.0 0.0	 0.0
0.9	 -0.9 25.379948859365243	 0.025379816047062357
0.9	 -0.8 25.718130594686425	 0.025718093817292578
0.9	 -0.7 26.237951989841914	 0.02623791719045321
0.9	 -0.6 26.8042053473055	 0.026804114618490606
0.9	 -0.5 27.420084309013177	 0.027420026147554507
0.9	 -0.4 27.501296316712555	 0.02750128276274966
0.9	 -0.3 28.513732538682113	 0.028513619813482168
0.9	 -0.2 29.072142142534805	 0.029072017418160373
0.9	 -0.1 29.676462049745158	 0.029676339628173964
0.9	 0.0 30.08402626888918	 0.030084012748070807
0.9	 0.1 30.801406091119443	 0.030801328098796474
0.9	 0.2 31.32939884920249	 0.03132900056765714
0.9	 0.3 31.63896462118832	 0.03163799288095572
0.9	 0.4 31.011663203919273	 0.031011362094192717
0.9	 0.5 32.23087404541375	 0.03223074964776183
0.9	 0.6 33.95163284332971	 0.03395154354658534
0.9	 0.7 34.69132212093241	 0.034691209993367424
0.9	 0.8 35.648938004650766	 0.035648927329213854
0.9	 0.9 36.75339109424141	 0.036753212409598626
0.9	 1.0 0.0	 0.0
1.0	 -1.0 0.0	 0.0
1.0	 -0.9 22.53150509632585	 0.022531393703895248
1.0	 -0.8 23.757000382177644	 0.023756942496006975
1.0	 -0.7 24.672911906775308	 0.024672895182919284
1.0	 -0.6 23.721646125322586	 0.023720874378731698
1.0	 -0.5 24.91156867857112	 0.024911530125735
1.0	 -0.4 25.997523583569585	 0.02599727701757396
1.0	 -0.3 27.01379685415152	 0.02701377989972206
1.0	 -0.2 27.916325971683623	 0.02791611343631362
1.0	 -0.1 28.81483095826103	 0.028814772631172506
1.0	 0.0 29.56158516461715	 0.02956141154592735
1.0	 0.1 30.171240267710804	 0.03017083866375396
1.0	 0.2 30.791554766888705	 0.03079134307663757
1.0	 0.3 30.70557823100266	 0.030704871485707944
1.0	 0.4 30.89560962114031	 0.030895439240484938
1.0	 0.5 32.103352925893866	 0.03210330880748651
1.0	 0.6 33.56698694278217	 0.03356685692239256
1.0	 0.7 34.42019495659843	 0.03442012343088302
1.0	 0.8 35.335693846614156	 0.0353356780005989
1.0	 0.9 36.47750590399505	 0.03647736073446912
1.0	 1.0 0.0	 0.0
1.1	 -1.0 0.0	 0.0
1.1	 -0.9 19.9790495404969	 0.019978900424138576
1.1	 -0.8 21.959491680432865	 0.02195945973096081
1.1	 -0.7 23.210588388076935	 0.023210577519731466
1.1	 -0.6 24.33683547681058	 0.024336615637837906
1.1	 -0.5 25.25255278623017	 0.025252415535346958
1.1	 -0.4 25.541140503139477	 0.025540980266853055
1.1	 -0.3 26.846323569166813	 0.02684631831358449
1.1	 -0.2 27.440828049612474	 0.027440280211470776
1.1	 -0.1 28.285715760060093	 0.028285514443068767
1.1	 0.0 28.964164436216198	 0.02896396501823044
1.1	 0.1 29.626984959990622	 0.02962682641188294
1.1	 0.2 30.30482403431972	 0.030304488706630557
1.1	 0.3 30.520441671673947	 0.03052034096917976
1.1	 0.4 30.777803023565614	 0.030777433972528703
1.1	 0.5 31.972366916162287	 0.031972350514481496
1.1	 0.6 33.322388187137456	 0.0333222709055263
1.1	 0.7 29.438921670217002	 0.02943892009923962
1.1	 0.8 35.22120507567132	 0.035221204800904966
1.1	 0.9 33.77052516415575	 0.033770476036208606
1.1	 1.0 0.0	 0.0
1.2	 -1.0 0.0	 0.0
1.2	 -0.9 17.765929770235324	 0.01776583875840154
1.2	 -0.8 20.435535540294765	 0.020435501705927315
1.2	 -0.7 21.995355107447075	 0.02199531405412982
1.2	 -0.6 23.275240992253785	 0.023275088068727908
1.2	 -0.5 24.31845891190256	 0.02431843618680134
1.2	 -0.4 25.053419214574987	 0.025053397614285152
1.2	 -0.3 26.056457737864502	 0.026056349009538463
1.2	 -0.2 26.8808452153493	 0.026880501537533727
1.2	 -0.1 27.68735466764198	 0.027687336477808414
1.2	 0.0 28.41650111478629	 0.028416445334022076
1.2	 0.1 29.142384111320503	 0.029142376137812925
1.2	 0.2 29.819608751736475	 0.02981879362839341
1.2	 0.3 30.327381427645015	 0.03032673064926044
1.2	 0.4 30.65697610726119	 0.030656956844845158
1.2	 0.5 31.836919607165974	 0.0318368773645865
1.2	 0.6 33.023855415869704	 0.03302363678873382
1.2	 0.7 29.438921670217002	 0.02943892009923962
1.2	 0.8 35.04792712320347	 0.035047886386473284
1.2	 0.9 33.77052516415575	 0.033770476036208606
1.2	 1.0 0.0	 0.0
1.3	 -1.0 0.0	 0.0
1.3	 -0.9 15.9578980352468	 0.015957893438596528
1.3	 -0.8 18.787316885474386	 0.01878727329989942
1.3	 -0.7 20.604788447668884	 0.020604778417617268
1.3	 -0.6 22.148712771324817	 0.02214868198235565
1.3	 -0.5 23.406073259454924	 0.023406010021407197
1.3	 -0.4 24.50666496945537	 0.02450647671684886
1.3	 -0.3 25.45306750852457	 0.025453063504007434
1.3	 -0.2 26.282032032795183	 0.026281610409868882
1.3	 -0.1 27.145537234513306	 0.027145408103180453
1.3	 0.0 27.699700716643946	 0.027699509996290148
1.3	 0.1 28.63009401551461	 0.028629854656582698
1.3	 0.2 29.461666473557052	 0.029461438797529185
1.3	 0.3 30.280353059726572	 0.030280266814254834
1.3	 0.4 30.532660976753707	 0.030532447522849226
1.3	 0.5 31.6956394367127	 0.03169548061247488
1.3	 0.6 32.795196813394746	 0.03279446054942335
1.3	 0.7 29.438921670217002	 0.02943892009923962
1.3	 0.8 34.880308583508175	 0.03488019145617978
1.3	 0.9 33.77052516415575	 0.033770476036208606
1.3	 1.0 0.0	 0.0
1.4	 -1.0 0.0	 0.0
1.4	 -0.9 12.355046872653954	 0.012354997696031163
1.4	 -0.8 13.429680499049082	 0.01342966976975068
1.4	 -0.7 19.917374039337354	 0.019917333081184617
1.4	 -0.6 21.49449230130284	 0.02149445592342338
1.4	 -0.5 22.757700986125947	 0.022757688667463208
1.4	 -0.4 23.856291974922875	 0.02385614852547606
1.4	 -0.3 24.857172194820244	 0.024857130977743953
1.4	 -0.2 25.746046283579425	 0.02574589596920317
1.4	 -0.1 26.629727566977778	 0.02662955504452544
1.4	 0.0 27.413696644494046	 0.027413609042423782
1.4	 0.1 28.295202652207617	 0.02829501439507732
1.4	 0.2 29.09775690869007	 0.029097107868862784
1.4	 0.3 29.9046838867571	 0.029904539079924942
1.4	 0.4 30.40479518498299	 0.03040430530685839
1.4	 0.5 31.547354767959263	 0.031547234358269304
1.4	 0.6 32.443613468179365	 0.032443249544246475
1.4	 0.7 29.438921670217002	 0.02943892009923962
1.4	 0.8 34.72849328368219	 0.03472848426016895
1.4	 0.9 33.77052516415575	 0.033770476036208606
1.4	 1.0 0.0	 0.0
1.5	 -1.0 0.0	 0.0
1.5	 -0.9 11.931959126532915	 0.011931788908601339
1.5	 -0.8 13.135736336710467	 0.01313563464404963
1.5	 -0.7 19.09122286381345	 0.019091160573283666
1.5	 -0.6 20.754990674063418	 0.020754889575752136
1.5	 -0.5 22.099305388294848	 0.0220992405492918
1.5	 -0.4 23.255064188644504	 0.023254939726581346
1.5	 -0.3 24.322556770567477	 0.0243224688886709
1.5	 -0.2 25.257999390919384	 0.02525763426800332
1.5	 -0.1 26.140392989854565	 0.02614014957354566
1.5	 0.0 27.086274006889365	 0.02708603969412347
1.5	 0.1 27.923364167711174	 0.027923029811045264
1.5	 0.2 28.764519394551037	 0.02876432581507676
1.5	 0.3 29.649633427858266	 0.029649617010354283
1.5	 0.4 30.27172607054206	 0.03027148340091032
1.5	 0.5 31.387345659617473	 0.031387185134709616
1.5	 0.6 32.31387136500063	 0.03231384981142956
1.5	 0.7 29.438921670217002	 0.02943892009923962
1.5	 0.8 34.59205188390574	 0.03459196847206888
1.5	 0.9 33.77052516415575	 0.033770476036208606
1.5	 1.0 0.0	 0.0
1.6	 -1.0 0.0	 0.0
1.6	 -0.9 11.550931407508434	 0.011550917956020618
1.6	 -0.8 12.876620432854862	 0.012876494572103726
1.6	 -0.7 18.361453551661892	 0.018361429516451453
1.6	 -0.6 20.10468885806647	 0.020104648067585704
1.6	 -0.5 21.512406383717646	 0.021512368189287246
1.6	 -0.4 22.729703447859524	 0.022729538540445272
1.6	 -0.3 23.7093858586553	 0.023709326776962903
1.6	 -0.2 24.7744991584555	 0.024774225811079867
1.6	 -0.1 25.806647449739174	 0.02580662045002838
1.6	 0.0 26.717562059441715	 0.026717503728598255
1.6	 0.1 27.473191044943547	 0.027473062309919572
1.6	 0.2 28.448946792821154	 0.0284487213193517
1.6	 0.3 29.373414606804555	 0.029372893326948615
1.6	 0.4 30.13214080047238	 0.030132006110340313
1.6	 0.5 31.20362010594323	 0.031203425171735518
1.6	 0.6 32.17154653188831	 0.03217137512707384
1.6	 0.7 29.438921670217002	 0.02943892009923962
1.6	 0.8 34.46379995122042	 0.03446379910312709
1.6	 0.9 33.77052516415575	 0.033770476036208606
1.6	 1.0 0.0	 0.0
1.7	 -1.0 0.0	 0.0
1.7	 -0.9 11.203408082729446	 0.011203387192823515
1.7	 -0.8 12.646118726087204	 0.012646032949130125
1.7	 -0.7 17.649991808981486	 0.017649981569125714
1.7	 -0.6 19.415910608782728	 0.019415895486854504
1.7	 -0.5 20.891148181433167	 0.02089106619961852
1.7	 -0.4 22.251245970667092	 0.02225106512964431
1.7	 -0.3 23.38784979813219	 0.02338781059781914
1.7	 -0.2 24.417767611173506	 0.02441730128006315
1.7	 -0.1 25.437238090204605	 0.025437105777268588
1.7	 0.0 26.380548027907732	 0.02638034310991516
1.7	 0.1 27.256809403958698	 0.027256805420855883
1.7	 0.2 28.1789111139384	 0.028178513692332326
1.7	 0.3 29.11880167993429	 0.02911834549137082
1.7	 0.4 29.983284551699782	 0.029983016919381492
1.7	 0.5 31.001075256756707	 0.031000993872150977
1.7	 0.6 30.933238652022002	 0.030933126878396958
1.7	 0.7 29.438921670217002	 0.02943892009923962
1.7	 0.8 34.34468396161907	 0.03434458225189175
1.7	 0.9 33.77052516415575	 0.033770476036208606
1.7	 1.0 0.0	 0.0
1.8	 -1.0 0.0	 0.0
1.8	 -0.9 10.876245816387064	 0.010876198286303262
1.8	 -0.8 12.436322126318666	 0.01243631740745649
1.8	 -0.7 17.163557209856595	 0.017163521161519178
1.8	 -0.6 19.01241388954385	 0.01901228653199112
1.8	 -0.5 20.515085573366935	 0.020514927461874482
1.8	 -0.4 21.817001982592174	 0.021816854370001797
1.8	 -0.3 22.999799304997044	 0.022999709393359807
1.8	 -0.2 24.03634199401597	 0.02403587534153768
1.8	 -0.1 25.098587073003138	 0.02509848775335357
1.8	 0.0 26.06973728514586	 0.026069662041549233
1.8	 0.1 26.99803634956243	 0.02699774865341922
1.8	 0.2 27.917522250663882	 0.027916800166908506
1.8	 0.3 28.881107391658563	 0.028880605086055833
1.8	 0.4 29.81763936544695	 0.02981755978494543
1.8	 0.5 30.814501529047632	 0.03081448383084439
1.8	 0.6 30.89994272385617	 0.03089985047883914
1.8	 0.7 29.438921670217002	 0.02943892009923962
1.8	 0.8 34.2241345404117	 0.03422405150371136
1.8	 0.9 33.77052516415575	 0.033770476036208606
1.8	 1.0 0.0	 0.0
1.9	 -1.0 0.0	 0.0
1.9	 -0.9 10.579445043642247	 0.010579301434972418
1.9	 -0.8 12.250815496379408	 0.012250798542096973
1.9	 -0.7 16.67603154452557	 0.016676016908324504
1.9	 -0.6 18.554684296577424	 0.01855464808123271
1.9	 -0.5 20.091753662465077	 0.020091736162569193
1.9	 -0.4 21.414526352562465	 0.0214145021840447
1.9	 -0.3 22.63992353219802	 0.022639855273994605
1.9	 -0.2 23.716467984800666	 0.023715992546298855
1.9	 -0.1 24.789001337516872	 0.024788894820573563
1.9	 0.0 25.32455530134754	 0.025324509020775682
1.9	 0.1 26.73874960919665	 0.026738654548981656
1.9	 0.2 27.52268888254355	 0.027522148531057552
1.9	 0.3 28.629263605121093	 0.028629205567214197
1.9	 0.4 29.62329703634467	 0.029623175115879828
1.9	 0.5 30.637543689085426	 0.030637515046404773
1.9	 0.6 30.865826192327788	 0.030865528393007883
1.9	 0.7 29.438921670217002	 0.02943892009923962
1.9	 0.8 34.131177434704945	 0.03413115733223646
1.9	 0.9 33.77052516415575	 0.033770476036208606
1.9	 1.0 0.0	 0.0
2.0	 -1.0 0.0	 0.0
2.0	 -0.9 10.295857898509102	 0.010295680704529186
2.0	 -0.8 12.08260314352971	 0.012082526316172936
2.0	 -0.7 16.228059814038446	 0.01622802736641039
2.0	 -0.6 18.134507399911477	 0.018134405467600975
2.0	 -0.5 19.712621745717133	 0.019712523611540654
2.0	 -0.4 21.067364444472386	 0.0210671314617056
2.0	 -0.3 22.311019057202596	 0.022310893579706136
2.0	 -0.2 23.402227425032272	 0.02340166090352864
2.0	 -0.1 24.50844761631905	 0.02450819260788366
2.0	 0.0 25.206544294225676	 0.025206333260885793
2.0	 0.1 26.499436688817717	 0.026499373218347506
2.0	 0.2 27.388032720133772	 0.02738799614543252
2.0	 0.3 28.468048423377954	 0.02846788143603932
2.0	 0.4 29.441025103753287	 0.02944098409777484
2.0	 0.5 30.46525849470662	 0.030465121472129306
2.0	 0.6 30.832400121790037	 0.030832082567131287
2.0	 0.7 29.438921670217002	 0.02943892009923962
2.0	 0.8 33.992022783801275	 0.03399196401014598
2.0	 0.9 33.77052516415575	 0.033770476036208606
2.0	 1.0 0.0	 0.0
2.1	 -1.0 0.0	 0.0
2.1	 -0.9 10.016650959393386	 0.010016604913730706
2.1	 -0.8 11.927144717032794	 0.011927078829974293
2.1	 -0.7 15.861572290060915	 0.015861519133691195
2.1	 -0.6 17.782814601589422	 0.017782781269537664
2.1	 -0.5 19.360976657040233	 0.019360877244414144
2.1	 -0.4 20.74544905363032	 0.020745437855940244
2.1	 -0.3 22.009214530651512	 0.022009039234391254
2.1	 -0.2 23.131964164557992	 0.023131873372111922
2.1	 -0.1 24.247308988214595	 0.024247114031307745
2.1	 0.0 25.08254063671416	 0.025082576649752282
2.1	 0.1 26.27627530535418	 0.02627604024132606
2.1	 0.2 27.241352419188487	 0.027241169238579763
2.1	 0.3 28.28185089239425	 0.028281782221880648
2.1	 0.4 29.274257183093347	 0.029274068138913357
2.1	 0.5 30.32798672520764	 0.03032779990944762
2.1	 0.6 30.797944530856427	 0.030797464337311495
2.1	 0.7 29.438921670217002	 0.02943892009923962
2.1	 0.8 33.931672089467455	 0.03393161604986964
2.1	 0.9 33.77052516415575	 0.033770476036208606
2.1	 1.0 0.0	 0.0
2.2	 -1.0 0.0	 0.0
2.2	 -0.9 9.621502291209548	 0.009621313412851029
2.2	 -0.8 11.784360154772648	 0.011784347282108467
2.2	 -0.7 15.517060892585139	 0.015517057791095001
2.2	 -0.6 17.45233269169847	 0.017452220540581913
2.2	 -0.5 19.04433040266052	 0.019044211286387013
2.2	 -0.4 20.45376288078471	 0.02045355430547707
2.2	 -0.3 21.732455739353746	 0.0217323709765755
2.2	 -0.2 22.873808032498566	 0.02287338897306729
2.2	 -0.1 24.005946172761103	 0.024005867179886117
2.2	 0.0 24.95279031428998	 0.024952606690978735
2.2	 0.1 26.036052032748714	 0.026035629926539135
2.2	 0.2 27.06979401207155	 0.027069633315464
2.2	 0.3 28.108633414730082	 0.028108578082836445
2.2	 0.4 29.117760265677116	 0.02911750792617557
2.2	 0.5 30.14845116338166	 0.030148426148541907
2.2	 0.6 30.763103472925202	 0.03076294448527194
2.2	 0.7 29.438921670217002	 0.02943892009923962
2.2	 0.8 33.86494947786697	 0.03386489060669057
2.2	 0.9 33.77052516415575	 0.033770476036208606
2.2	 1.0 0.0	 0.0
2.3	 -1.0 0.0	 0.0
2.3	 -0.9 9.437797276585705	 0.009437617974415021
2.3	 -0.8 11.652628401904623	 0.011652556500487495
2.3	 -0.7 15.131768473489453	 0.015131722701339913
2.3	 -0.6 16.97500588220359	 0.016974992792874368
2.3	 -0.5 18.54048078853509	 0.018540408564357472
2.3	 -0.4 20.172116248027773	 0.0201720801163382
2.3	 -0.3 21.27036889844862	 0.0212702847504179
2.3	 -0.2 22.477522382170033	 0.022477016927720576
2.3	 -0.1 23.783217879186182	 0.023783158408139486
2.3	 0.0 24.814611980217975	 0.02481459490916667
2.3	 0.1 25.879103416102247	 0.025878783343841028
2.3	 0.2 26.89331171980228	 0.02689286775730606
2.3	 0.3 27.947083236308227	 0.027946342325731514
2.3	 0.4 28.972558580660174	 0.02897224970036547
2.3	 0.5 30.05107670316657	 0.030050798758713592
2.3	 0.6 30.7277559146897	 0.030727340790999414
2.3	 0.7 29.438921670217002	 0.02943892009923962
2.3	 0.8 33.7869896368925	 0.03378695663190705
2.3	 0.9 33.77052516415575	 0.033770476036208606
2.3	 1.0 0.0	 0.0
2.4	 -1.0 0.0	 0.0
2.4	 -0.9 9.199834947952368	 0.009199657653987487
2.4	 -0.8 11.530371001319837	 0.011530255908781168
2.4	 -0.7 14.926988108224396	 0.014926974518111123
2.4	 -0.6 16.80883445237158	 0.016808810498275914
2.4	 -0.5 18.391189233386076	 0.01839109086199922
2.4	 -0.4 19.934699864546708	 0.019934440133377987
2.4	 -0.3 21.133827854709555	 0.021133769882747764
2.4	 -0.2 22.34126317357376	 0.02234112699913574
2.4	 -0.1 23.542174187470252	 0.023542158549203395
2.4	 0.0 24.661446939432672	 0.024661447758147895
2.4	 0.1 25.700571042756344	 0.025700237511360736
2.4	 0.2 26.728608633656535	 0.026728260965591246
2.4	 0.3 27.796016569190773	 0.027795544005744126
2.4	 0.4 28.835678850096063	 0.02883539815952531
2.4	 0.5 29.936867852229994	 0.02993657258927772
2.4	 0.6 30.691888653606085	 0.03069181549220519
2.4	 0.7 29.438921670217002	 0.02943892009923962
2.4	 0.8 33.714455758418254	 0.03371441397598241
2.4	 0.9 33.77052516415575	 0.033770476036208606
2.4	 1.0 0.0	 0.0
2.5	 -1.0 0.0	 0.0
2.5	 -0.9 9.000795751090056	 0.009000701305640258
2.5	 -0.8 11.41683430812532	 0.011416813389240485
2.5	 -0.7 14.685797177253402	 0.014685753495543755
2.5	 -0.6 16.626646121296396	 0.016626645228481656
2.5	 -0.5 18.23195545876467	 0.018231866109192814
2.5	 -0.4 19.70700619838432	 0.01970683052283335
2.5	 -0.3 20.98892672191349	 0.020988910118947185
2.5	 -0.2 22.19510246615347	 0.022194719952521782
2.5	 -0.1 23.385708867984757	 0.023385623999015764
2.5	 0.0 24.484042724152218	 0.024483928275001864
2.5	 0.1 25.534020780289687	 0.025533288544170814
2.5	 0.2 26.56897584929927	 0.026568102402271213
2.5	 0.3 27.529311505956038	 0.027528307832092907
2.5	 0.4 28.707378659386023	 0.028707137038323224
2.5	 0.5 29.82194594482066	 0.029821842505851452
2.5	 0.6 30.655395396820435	 0.03065521248849355
2.5	 0.7 29.438921670217002	 0.02943892009923962
2.5	 0.8 33.62527805498983	 0.03362521189653033
2.5	 0.9 33.77052516415575	 0.033770476036208606
2.5	 1.0 0.0	 0.0
2.6	 -1.0 0.0	 0.0
2.6	 -0.9 8.802815742481513	 0.008802641441782407
2.6	 -0.8 11.310742584399511	 0.011310646966127835
2.6	 -0.7 14.429076755483385	 0.01442904311037078
2.6	 -0.6 16.40841833119411	 0.016408379317551285
2.6	 -0.5 18.047885372807972	 0.018047848043114878
2.6	 -0.4 19.494355528760416	 0.019494158156908702
2.6	 -0.3 20.825791776952034	 0.02082570938529356
2.6	 -0.2 22.023372828511246	 0.022023016959417885
2.6	 -0.1 23.207364324148337	 0.023207338332259953
2.6	 0.0 24.316758675904985	 0.024316755490014174
2.6	 0.1 25.37813448711758	 0.025378094671232282
2.6	 0.2 26.430582277680795	 0.02643006196002426
2.6	 0.3 27.45013758152578	 0.027449839540122048
2.6	 0.4 28.58491450748501	 0.028584456615603906
2.6	 0.5 29.710961366551647	 0.029710650997484794
2.6	 0.6 30.61826436051041	 0.030617888289681396
2.6	 0.7 29.438921670217002	 0.02943892009923962
2.6	 0.8 33.575940048603584	 0.03357590682431343
2.6	 0.9 33.77052516415575	 0.033770476036208606
2.6	 1.0 0.0	 0.0
2.7	 -1.0 0.0	 0.0
2.7	 -0.9 8.637081731211632	 0.008636974007738949
2.7	 -0.8 11.211539335175742	 0.011211514164998111
2.7	 -0.7 14.247044790488383	 0.014246988237650462
2.7	 -0.6 16.20005067899063	 0.016199949063673773
2.7	 -0.5 17.8290366985972	 0.01782898363947149
2.7	 -0.4 19.300889005085605	 0.01930076945739175
2.7	 -0.3 20.639582431162758	 0.02063956423561687
2.7	 -0.2 21.88010841640788	 0.021880098881106733
2.7	 -0.1 23.040728967991125	 0.023040548656839587
2.7	 0.0 24.160379921231524	 0.024160100764980954
2.7	 0.1 25.02894867638121	 0.02502891877993436
2.7	 0.2 26.295327087057327	 0.026295054384678742
2.7	 0.3 27.366664719782143	 0.027366149112544653
2.7	 0.4 28.47345174333499	 0.028473094843503785
2.7	 0.5 29.611614574446023	 0.029611342503069193
2.7	 0.6 30.580405560745398	 0.030580105693732373
2.7	 0.7 29.438921670217002	 0.02943892009923962
2.7	 0.8 33.518716334021974	 0.03351864383788697
2.7	 0.9 33.77052516415575	 0.033770476036208606
2.7	 1.0 0.0	 0.0
2.8	 -1.0 0.0	 0.0
2.8	 -0.9 8.368042980259803	 0.008367940323787206
2.8	 -0.8 11.117894970196154	 0.011117876573814203
2.8	 -0.7 13.987843549399964	 0.013987796399088474
2.8	 -0.6 16.002430839594695	 0.016002326526714416
2.8	 -0.5 17.658406241974173	 0.017658248177871354
2.8	 -0.4 19.119391297235754	 0.019119342810073887
2.8	 -0.3 20.46587282349446	 0.020465770454882674
2.8	 -0.2 21.71492755674878	 0.021714859812547484
2.8	 -0.1 22.884893739705362	 0.022884755941350435
2.8	 0.0 24.01358394235706	 0.02401345944142663
2.8	 0.1 24.956455777177634	 0.02495637921685645
2.8	 0.2 26.167923744068972	 0.02616753954591445
2.8	 0.3 27.276012258322083	 0.027274712939203378
2.8	 0.4 28.36623945586109	 0.028366203615110844
2.8	 0.5 29.515270101678823	 0.0295152563480275
2.8	 0.6 30.541608472307185	 0.030541445075874002
2.8	 0.7 29.438921670217002	 0.02943892009923962
2.8	 0.8 33.46061152869322	 0.03346060178069034
2.8	 0.9 33.77052516415575	 0.033770476036208606
2.8	 1.0 0.0	 0.0
2.9	 -1.0 0.0	 0.0
2.9	 -0.9 8.292117234269874	 0.008292103168549744
2.9	 -0.8 11.030426377976408	 0.011030420536643189
2.9	 -0.7 13.846371949241352	 0.013846350176842015
2.9	 -0.6 15.833601977270131	 0.015833549126534216
2.9	 -0.5 17.48470332430398	 0.01748468023026994
2.9	 -0.4 18.938430437967753	 0.018938215287275437
2.9	 -0.3 20.29042949174327	 0.020290425949216102
2.9	 -0.2 21.555284041876398	 0.021555232143130487
2.9	 -0.1 22.73950027535623	 0.02273924640209419
2.9	 0.0 23.87609231748327	 0.023876045893345087
2.9	 0.1 24.881804063643944	 0.024881401660017285
2.9	 0.2 26.048378063024565	 0.026048038333793624
2.9	 0.3 27.170070790382642	 0.027169298086627765
2.9	 0.4 28.264892495810663	 0.0282645500217767
2.9	 0.5 29.42460238219781	 0.02942447058851993
2.9	 0.6 30.501752609039148	 0.03050165770701998
2.9	 0.7 29.438921670217002	 0.02943892009923962
2.9	 0.8 33.40401037310888	 0.0334039894636576
2.9	 0.9 33.77052516415575	 0.033770476036208606
2.9	 1.0 0.0	 0.0
3.0	 -1.0 0.0	 0.0
3.0	 -0.9 7.993069011704746	 0.007993067926854664
3.0	 -0.8 10.947915510760321	 0.010947869977778902
3.0	 -0.7 13.710043280807342	 0.013710006404756094
3.0	 -0.6 15.648393213748971	 0.015648317284770806
3.0	 -0.5 17.32163110006665	 0.017321571825804846
3.0	 -0.4 18.7947647616556	 0.018794566080540333
3.0	 -0.3 20.15315226137788	 0.020153119137848226
3.0	 -0.2 21.41657295842307	 0.021416438127150165
3.0	 -0.1 22.60248853489089	 0.022602446318681045
3.0	 0.0 23.744234405841606	 0.023744067563332617
3.0	 0.1 24.80288674474459	 0.024802519867837425
3.0	 0.2 25.93283184573731	 0.02593278517847737
3.0	 0.3 27.067041776533802	 0.027066290984103458
3.0	 0.4 28.170393221901584	 0.028170217603288923
3.0	 0.5 29.33882561721291	 0.02933874128703015
3.0	 0.6 30.46098899087903	 0.030460857235494944
3.0	 0.7 29.438921670217002	 0.02943892009923962
3.0	 0.8 33.35320518053322	 0.03335310551483897
3.0	 0.9 33.77052516415575	 0.033770476036208606
3.0	 1.0 0.0	 0.0
