# r | I_0 | I_2|
0.001	0.000268848663824	1.72843666173e-7
0.00101157945426	0.000268848716007	1.81019671513e-7
0.00102329299228	0.000268847190833	1.81548252982e-7
0.00103514216668	0.000268848250727	1.86528139155e-7
0.00104712854805	0.000268848443624	1.93181348714e-7
0.00105925372518	0.000268846933016	1.93543791653e-7
0.00107151930524	0.000268847818196	2.01155927145e-7
0.00108392691402	0.000268848141539	2.0571877699e-7
0.00109647819614	0.000268846650942	2.07680250248e-7
0.00110917481526	0.000268847364772	2.16598614653e-7
0.0011220184543	0.000268847808095	2.19136283088e-7
0.00113501081567	0.00026884634238	2.23751575618e-7
0.0011481536215	0.000268846888847	2.32269143879e-7
0.00116144861384	0.000268847441533	2.33693677653e-7
0.00117489755494	0.000268846005025	2.4103954064e-7
0.00118850222744	0.000268846388656	2.47729367123e-7
0.00120226443462	0.000268847039977	2.49765507324e-7
0.00121618600065	0.000268845636485	2.59433272914e-7
0.00123026877081	0.000268845862267	2.64177268122e-7
0.00124451461177	0.000268846601427	2.68695531059e-7
0.00125892541179	0.000268845234268	2.78830902076e-7
0.00127350308102	0.000268845307578	2.81882199076e-7
0.00128824955169	0.000268846123745	2.89146603632e-7
0.00130316677845	0.00026884479577	2.98040874303e-7
0.00131825673856	0.000268844722307	3.01116075525e-7
0.00133352143216	0.000268845604646	3.11027886992e-7
0.00134896288259	0.000268844318259	3.18160173304e-7
0.00136458313659	0.000268844103983	3.22922245662e-7
0.0013803842646	0.000268845014652	3.34258497728e-7
0.00139636836106	0.000268843798862	3.39701808594e-7
0.00141253754462	0.000268843449935	3.4715382032e-7
0.00142889395851	0.000268844333912	3.58333001713e-7
0.00144543977075	0.000268843234551	3.6295156574e-7
0.00146217717446	0.000268842757282	3.73181804276e-7
0.00147910838817	0.000268843608546	3.82881965958e-7
0.00149623565609	0.000268842622123	3.8830406495e-7
0.00151356124844	0.000268842022922	4.0094954772e-7
0.00153108746168	0.000268842835808	4.09075095952e-7
0.00154881661891	0.000268841958189	4.17069981297e-7
0.00156675107011	0.000268841243515	4.30411995221e-7
0.00158489319246	0.000268842012686	4.3721582367e-7
0.00160324539069	0.000268841239152	4.48050014068e-7
0.00162181009736	0.000268840415472	4.60508952654e-7
0.0016405897732	0.000268841135887	4.67613833261e-7
0.00165958690744	0.000268840461192	4.81215669719e-7
0.00167880401812	0.00026883953494	4.92320490947e-7
0.00169824365246	0.000268840201825	5.01303768296e-7
0.00171790838716	0.000268839620242	5.16551620281e-7
0.00173780082875	0.000268838597781	5.2639025181e-7
0.00175792361396	0.000268839206605	5.3821578195e-7
0.00177827941004	0.000268838711973	5.53650544517e-7
0.00179887091513	0.000268837599559	5.63052090474e-7
0.00181970085861	0.000268838146002	5.77827171549e-7
0.00184077200147	0.000268837731767	5.92231275512e-7
0.00186208713666	0.000268836535516	6.02745127069e-7
0.00188364908949	0.000268837015444	6.20157419671e-7
0.00190546071796	0.000268836674694	6.33465102398e-7
0.00192752491319	0.000268835431656	6.46777814299e-7
0.00194984459976	0.000268835809991	6.65241868203e-7
0.00197242273611	0.000268835535494	6.77715821097e-7
0.00199526231497	0.000268834275149	6.94106414937e-7
0.00201836636368	0.000268834524314	7.12170560372e-7
0.00204173794467	0.000268834308539	7.25358926196e-7
0.00206538015581	0.000268833032776	7.44791347177e-7
0.00208929613085	0.000268833152667	7.62041200781e-7
0.00211348903984	0.000268832987817	7.77454862271e-7
0.0021379620895	0.000268831698058	7.98911402808e-7
0.00216271852373	0.000268831688864	8.15460496976e-7
0.00218776162395	0.000268831566893	8.34039850848e-7
0.00221309470961	0.000268830264104	8.56185406274e-7
0.00223872113857	0.000268830126248	8.72843808732e-7
0.00226464430759	0.000268830038881	8.94726622811e-7
0.00229086765277	0.000268828723581	9.1645216351e-7
0.00231739464997	0.000268828457662	9.34711248136e-7
0.00234422881532	0.000268828396413	9.59645326734e-7
0.00237137370566	0.000268827068676	9.80926677489e-7
0.00239883291902	0.000268826675416	1.00241244974e-6
0.00242661009508	0.000268826631595	1.02894878701e-6
0.00245470891569	0.000268825291056	1.05007301713e-6
0.0024831331053	0.00026882477125	1.07509169234e-6
0.00251188643151	0.000268824735974	1.10191117889e-6
0.00254097270555	0.000268823381833	1.12437512448e-6
0.00257039578277	0.000268822736295	1.15293998833e-6
0.00260015956317	0.000268822700498	1.179697182e-6
0.0026302679919	0.000268821331516	1.20496897863e-6
0.0026607250598	0.000268820561034	1.2361749823e-6
0.00269153480393	0.000268820483368	1.26302527309e-6
0.00272270130808	0.000268819129966	1.29204291477e-6
0.00275422870334	0.000268818235255	1.32468721069e-6
0.00278612116863	0.000268818095995	1.35244326717e-6
0.00281838293126	0.000268816766351	1.38539258456e-6
0.0028510182675	0.000268815748007	1.41848574277e-6
0.00288403150313	0.000268815540358	1.44860743717e-6
0.002917427014	0.000268814229086	1.48531268995e-6
0.00295120922667	0.000268813087543	1.51889064306e-6
0.00298538261892	0.000268812804685	1.55297165335e-6
0.0030199517204	0.000268811505784	1.592131322e-6
0.00305492111322	0.000268810241271	1.62652716474e-6
0.00309029543251	0.000268809876324	1.66492285613e-6
0.00312607936712	0.000268808583193	1.70536333154e-6
0.00316227766017	0.000268807195689	1.74205281391e-6
0.00319889510969	0.000268806741678	1.7848474907e-6
0.0032359365693	0.000268805447133	1.82631280011e-6
0.00327340694879	0.000268803936328	1.86675253112e-6
0.00331131121483	0.000268803386147	1.91317154773e-6
0.00334965439158	0.000268802082425	1.95588375849e-6
0.00338844156139	0.000268800447678	2.0010387985e-6
0.00342767786546	0.000268799794054	2.05002952994e-6
0.00346736850453	0.000268798472824	2.09483434536e-6
0.00350751873953	0.000268796713117	2.14496558658e-6
0.00354813389234	0.000268795948573	2.19567943984e-6
0.00358921934645	0.000268794600935	2.24404088815e-6
0.0036307805477	0.000268792714833	2.29907563493e-6
0.00367282300498	0.000268791831651	2.35163749887e-6
0.00371535229097	0.00026879044813	2.40515495995e-6
0.00375837404288	0.000268788465001	2.4639617208e-6
0.00380189396321	0.000268787423919	2.51878325253e-6
0.00384591782045	0.000268785994462	2.57789436547e-6
0.00389045144994	0.000268783913586	2.63947018012e-6
0.00393550075456	0.000268782704603	2.69804731177e-6
0.00398107170553	0.000268781218568	2.76294116555e-6
0.00402717034325	0.000268779034795	2.82715252672e-6
0.00407380277804	0.000268777651424	2.89097348134e-6
0.00412097519097	0.000268776097565	2.96103695319e-6
0.0041686938347	0.000268773805024	3.02821052172e-6
0.00421696503429	0.000268772240493	3.09830997327e-6
0.00426579518802	0.000268770606941	3.17267298205e-6
0.00431519076828	0.000268768199013	3.24373159523e-6
0.0043651583224	0.000268766446199	3.3204868318e-6
0.00441570447353	0.000268764720438	3.39847801011e-6
0.00446683592151	0.000268762189727	3.4749398697e-6
0.00451855944375	0.000268760241085	3.5584233364e-6
0.00457088189615	0.000268758409926	3.64030106462e-6
0.00462381021399	0.000268755748224	3.72382464477e-6
0.00467735141287	0.00026875359572	3.81311443283e-6
0.00473151258961	0.000268751645272	3.89941808017e-6
0.00478630092323	0.000268748843519	3.99057342733e-6
0.00484172367584	0.00026874647856	4.0848804597e-6
0.00489778819368	0.000268744394188	4.17718461333e-6
0.00495450190805	0.000268741442435	4.27631765522e-6
0.00501187233627	0.000268738855796	4.37568267007e-6
0.00506990708275	0.000268736620021	4.47556876645e-6
0.00512861383991	0.000268733509448	4.58227894207e-6
0.00518800038929	0.000268730691195	4.68719094774e-6
0.0052480746025	0.000268728262494	4.79582581586e-6
0.00530884444231	0.000268725006511	4.90947921325e-6
0.0053703179637	0.00026872194593	5.02100314668e-6
0.00543250331492	0.000268719308799	5.13894344917e-6
0.00549540873858	0.00026871589288	5.25910486709e-6
0.0055590425727	0.000268712578393	5.37888515628e-6
0.0056234132519	0.000268709716513	5.50641382123e-6
0.00568852930844	0.000268706124918	5.63354326454e-6
0.00575439937337	0.000268702543999	5.76337437846e-6
0.00582103217771	0.000268699440159	5.89984380755e-6
0.00588843655356	0.000268695655882	6.03468252722e-6
0.00595662143529	0.000268691794978	6.17534263367e-6
0.00602559586074	0.000268688430991	6.32024761229e-6
0.0060953689724	0.00026868443571	6.4645334989e-6
0.00616595001861	0.000268680280142	6.61660477373e-6
0.00623734835482	0.000268676636758	6.77024007885e-6
0.0063095734448	0.000268672410775	6.92573733133e-6
0.00638263486191	0.000268667944648	7.08911228653e-6
0.00645654229035	0.000268664001467	7.25221665648e-6
0.00653130552647	0.000268659523636	7.42031680292e-6
0.00660693448008	0.000268654729739	7.59468272003e-6
0.00668343917569	0.000268650465104	7.76855940737e-6
0.00676082975392	0.000268645712759	7.95009364864e-6
0.00683911647281	0.00026864057246	8.13534366651e-6
0.00691830970919	0.000268635963363	8.32186840482e-6
0.00699841996002	0.000268630912232	8.5174298471e-6
0.00707945784384	0.000268625410945	8.714328646e-6
0.00716143410213	0.000268620427333	8.91554390005e-6
0.00724435960075	0.000268615051449	9.12486081678e-6
0.00732824533139	0.000268609183284	9.33446266148e-6
0.00741310241301	0.000268603783175	9.55146816257e-6
0.00749894209332	0.000268598054775	9.77442820752e-6
0.00758577575029	0.000268591794873	9.99875773655e-6
0.00767361489362	0.000268585951773	0.0000102324914343
0.00776247116629	0.000268579841189	0.0000104697641895
0.0078523563461	0.000268573162695	0.0000107108991129
0.00794328234724	0.000268566848362	0.0000109616699297
0.00803526122186	0.000268560323902	0.0000112143744927
0.00812830516164	0.000268553197834	0.0000114740674479
0.00822242649947	0.000268546382125	0.0000117420142667
0.00831763771103	0.000268539409943	0.0000120118339626
0.00841395141645	0.000268531805061	0.0000122913325107
0.00851138038202	0.000268524455766	0.0000125768168548
0.00860993752185	0.000268516999726	0.0000128660117846
0.00870963589956	0.00026850888238	0.0000131663683497
0.00881048873008	0.000268500965054	0.0000134706128581
0.00891250938134	0.000268492986576	0.0000137816361729
0.00901571137606	0.00026848432055	0.000014103108965
0.00912010839356	0.000268475798329	0.0000144276449565
0.00922571427155	0.000268467256227	0.0000147620852678
0.00933254300797	0.000268458002569	0.0000151051191172
0.00944060876286	0.000268448835981	0.0000154524368093
0.00954992586021	0.000268439686287	0.000015811764199
0.0096605087899	0.000268429803129	0.0000161775821222
0.00977237220956	0.000268419949883	0.0000165502618283
0.00988553094657	0.000268410138089	0.0000169353850104
0.01	0.000268399588019	0.0000173256777733
0.0101157945426	0.000268389002797	0.0000177260311421
0.0102329299228	0.000268378469347	0.0000181377340844
0.0103514216668	0.000268367213506	0.0000185547703072
0.0104712854805	0.000268355847727	0.0000189846677739
0.0105925372518	0.000268344540128	0.0000194239864146
0.0107151930524	0.000268332525653	0.0000198706299414
0.0108392691402	0.000268320327234	0.0000203318002011
0.0109647819614	0.00026830818944	0.0000208006371265
0.0110917481526	0.000268295359609	0.0000212799837925
0.011220184543	0.000268282272701	0.0000217734401241
0.0113501081567	0.000268269244855	0.0000222740393393
0.011481536215	0.000268255538832	0.0000227884065471
0.0116144861384	0.000268241503546	0.0000233153892405
0.0117489755494	0.000268227521701	0.0000238509595427
0.0118850222744	0.000268212874272	0.0000244026014008
0.0120226443462	0.000268197826386	0.0000249651420481
0.0121618600065	0.000268182822208	0.0000255390324433
0.0123026877081	0.000268167163494	0.0000261297193498
0.0124451461177	0.000268151034139	0.0000267303507707
0.0125892541179	0.00026813493459	0.0000273457095963
0.0127350308102	0.000268118189738	0.0000279771451907
0.0128824955169	0.000268100905066	0.000028619007893
0.0130316677845	0.000268083632066	0.0000292786173064
0.0131825673856	0.000268065720919	0.0000299528012844
0.0133352143216	0.000268047201749	0.0000306396656567
0.0134896288259	0.000268028671816	0.000031346232088
0.0136458313659	0.000268009508558	0.0000320660539955
0.013803842646	0.000267989678574	0.0000328019758085
0.0139636836106	0.000267969793864	0.0000335575791546
0.0141253754462	0.000267949286642	0.0000343263177908
0.0142889395851	0.000267928059831	0.0000351146700447
0.0144543977075	0.00026790671989	0.0000359216719163
0.0146217717446	0.000267884770406	0.0000367435948398
0.0147910838817	0.00026786204842	0.0000375877552981
0.0149623565609	0.00026783915196	0.0000384493388775
0.0151356124844	0.000267815655035	0.0000393289174101
0.0153108746168	0.000267791332472	0.0000402318680387
0.0154881661891	0.000267766771168	0.0000411517661427
0.0156675107011	0.000267741614285	0.0000420933501536
0.0158489319246	0.000267715578207	0.0000430580760546
0.0160324539069	0.0002676892362	0.0000440406739242
0.0162181009736	0.000267662299003	0.0000450483319466
0.016405897732	0.000267634428431	0.0000460781711687
0.0165958690744	0.000267606181795	0.0000471285323995
0.0167880401812	0.000267577335562	0.0000482063332472
0.0169824365246	0.000267547500935	0.0000493055511978
0.0171790838716	0.000267517217108	0.0000504290889924
0.0173780082875	0.000267486324192	0.0000515805699557
0.0175792361396	0.000267454386787	0.0000527538794902
0.0177827941004	0.000267421923977	0.0000539554244924
0.0179887091513	0.000267388837202	0.0000551844677428
0.0181970085861	0.000267354648524	0.0000564376058024
0.0184077200147	0.000267319855065	0.0000577220672026
0.0186208713666	0.000267284417094	0.0000590334158289
0.0188364908949	0.000267247818224	0.0000603723915568
0.0190546071796	0.000267210531906	0.0000617443716838
0.0192752491319	0.000267172565606	0.0000631433714344
0.0194984459976	0.000267133395461	0.0000645741519727
0.0197242273611	0.000267093442815	0.0000660383260872
0.0199526231497	0.000267052766492	0.0000675310216371
0.0201836636368	0.000267010845146	0.0000690593735277
0.0204173794467	0.000266968040682	0.0000706208243606
0.0206538015581	0.000266924462921	0.0000722139846878
0.0208929613085	0.000266879595221	0.0000738457433775
0.0211348903984	0.000266833740635	0.0000755105139507
0.021379620895	0.000266787056943	0.0000772113127056
0.0216271852373	0.000266739034239	0.0000789518619657
0.0218776162395	0.000266689917562	0.0000807264883779
0.0221309470961	0.000266639909513	0.0000825415971879
0.0223872113857	0.000266588508794	0.0000843967112993
0.0226464430759	0.000266535903505	0.0000862887725181
0.0229086765277	0.000266482337832	0.000088224991636
0.0231739464997	0.000266427320818	0.0000902013227027
0.0234422881532	0.000266370984901	0.0000922187100071
0.0237137370566	0.000266313612546	0.0000942825875958
0.0239883291902	0.000266254724724	0.0000963874105159
0.0242661009508	0.000266194399684	0.0000985380132999
0.0245470891569	0.000266132954797	0.000100736198152
0.024831331053	0.000266069924417	0.000102977490446
0.0251188643151	0.000266005334243	0.000105269027189
0.0254097270555	0.000265939533128	0.000107608577982
0.0257039578277	0.000265872070142	0.000109995032323
0.0260015956317	0.000265802920226	0.000112435296273
0.026302679919	0.000265732460246	0.000114924201699
0.026607250598	0.000265660255203	0.000117464899722
0.0269153480393	0.000265586240151	0.000120061232199
0.0272270130808	0.000265510789634	0.000122707938552
0.0275422870334	0.000265433512525	0.000125411448725
0.0278612116863	0.000265354296999	0.000128171533768
0.0281838293126	0.000265273512028	0.000130985452427
0.028510182675	0.000265190811089	0.000133860414266
0.0288403150313	0.000265106037195	0.000136792719774
0.02917427014	0.000265019551764	0.000139783493541
0.0295120922667	0.000264931052229	0.000142838217769
0.0298538261892	0.000264840338643	0.000145951719389
0.030199517204	0.000264747762995	0.000149128882779
0.0305492111322	0.000264653065821	0.000152371653844
0.0309029543251	0.00026455600649	0.00015567587269
0.0312607936712	0.00026445692581	0.000159048644363
0.0316227766017	0.000264355606362	0.000162487977371
0.0319889510969	0.000264251769187	0.000165992949806
0.032359365693	0.000264145742259	0.000169570424377
0.0327340694879	0.000264037348977	0.00017321552232
0.0331131121483	0.000263926274465	0.000176931431901
0.0334965439158	0.00026381283232	0.000180722009307
0.0338844156139	0.000263696885368	0.000184582246426
0.0342767786546	0.000263578085282	0.000188518483464
0.0346736850453	0.000263456729834	0.000192530580014
0.0350751873953	0.000263332719746	0.000196615927861
0.0354813389234	0.000263205675753	0.0002007815868
0.0358921934645	0.00026307587845	0.000205023987322
0.036307805477	0.000262943263716	0.000209344227742
0.0367282300498	0.000262807427138	0.000213747637524
0.0371535229097	0.000262668627635	0.000218229146236
0.0375837404288	0.000262526828987	0.000222793451981
0.0380189396321	0.000262381623914	0.000227442375715
0.0384591782045	0.000262233228796	0.000232171755767
0.0389045144994	0.000262081640389	0.000236988385011
0.0393550075456	0.00026192645003	0.000241890165354
0.0398107170553	0.000261767831607	0.000246876003019
0.0402717034325	0.000261605812947	0.000251952373348
0.0407380277804	0.000261439985402	0.000257114261838
0.0412097519097	0.000261270480619	0.000262364485655
0.041686938347	0.000261097355515	0.000267706485224
0.0421696503429	0.000260920202778	0.000273135005145
0.0426579518802	0.000260739112257	0.000278655826197
0.0431519076828	0.000260554167926	0.000284268366099
0.043651583224	0.000260364965064	0.00028996957845
0.0441570447353	0.000260171552342	0.000295765820159
0.0446683592151	0.000259974038724	0.000301653013797
0.0451855944375	0.000259772023272	0.00030763158497
0.0457088189615	0.000259565514282	0.000313706051001
0.0462381021399	0.000259354643608	0.000319870697483
0.0467735141287	0.000259139015253	0.000326129303096
0.0473151258961	0.000258918598103	0.000332482778044
0.0478630092323	0.000258693544801	0.00033892610408
0.0484172367584	0.00025846346541	0.00034546492267
0.0489778819368	0.000258228290541	0.000352096102844
0.0495450190805	0.000257988191534	0.000358817415219
0.0501187233627	0.000257742785613	0.000365633977358
0.0506990708275	0.000257491968471	0.000372539565034
0.0512861383991	0.000257235921917	0.000379535543214
0.0518800038929	0.000256974277598	0.000386623809412
0.052480746025	0.000256706899976	0.000393797638689
0.0530884444231	0.000256433966481	0.000401061036882
0.053703179637	0.000256155137127	0.000408411677563
0.0543250331492	0.000255870242202	0.000415844706737
0.0549540873858	0.000255579453717	0.000423364401716
0.055590425727	0.000255282460284	0.000430964690136
0.056234132519	0.000254979059798	0.000438643802578
0.0568852930844	0.000254669418002	0.000446403882028
0.0575439937337	0.000254353252283	0.000454236894291
0.0582103217771	0.000254030330118	0.000462144011322
0.0588843655356	0.000253700810326	0.00047012346551
0.0595662143529	0.000253364439238	0.000478167517659
0.0602559586074	0.000253020956083	0.000486278786625
0.060953689724	0.000252670512318	0.00049445112398
0.0616595001861	0.000252312883398	0.000502679117206
0.0623734835482	0.000251947782696	0.000510964446063
0.063095734448	0.000251575354089	0.00051929747297
0.0638263486191	0.000251195402398	0.000527675876576
0.0645654229035	0.000250807617754	0.000536097709321
0.0653130552647	0.000250412136494	0.000544552356169
0.0660693448008	0.000250008793125	0.000553039622439
0.0668343917569	0.000249597257404	0.000561552905022
0.0676082975392	0.000249177658443	0.000570082925346
0.0683911647281	0.00024874986087	0.00057862924548
0.0691830970919	0.000248313517212	0.000587181044639
0.0699841996002	0.00024786874996	0.000595731559735
0.0707945784384	0.000247415451744	0.000604277713501
0.0716143410213	0.000246953269451	0.000612806192272
0.0724435960075	0.00024648231172	0.000621312596486
0.0732824533139	0.000246002500054	0.000629789439083
0.0741310241301	0.000245513487371	0.000638223124332
0.0749894209332	0.00024501536181	0.000646610131813
0.0758577575029	0.000244508077651	0.000654938083083
0.0767361489362	0.000243991297207	0.000663195130543
0.0776247116629	0.000243465090486	0.000671376256729
0.078523563461	0.000242929445859	0.00067946507917
0.0794328234724	0.000242384038676	0.00068745226894
0.0803526122186	0.000241828923659	0.000695328694492
0.0812830516164	0.000241264124879	0.000703076446176
0.0822242649947	0.000240689334669	0.000710687808658
0.0831763771103	0.0002401045958	0.000718148544593
0.0841395141645	0.000239509969969	0.000725441591955
0.0851138038202	0.000238905170761	0.000732558523202
0.0860993752185	0.000238290232822	0.000739480498793
0.0870963589956	0.000237665257751	0.000746192563324
0.0881048873008	0.000237029984983	0.00075268330218
0.0891250938134	0.00023638444536	0.000758931048562
0.0901571137606	0.000235728783004	0.000764922927592
0.0912010839356	0.000235062768127	0.000770642924562
0.0922571427155	0.000234386432571	0.000776068865744
0.0933254300797	0.000233699965948	0.000781188629305
0.0944060876286	0.000233003174483	0.000785981275083
0.0954992586021	0.000232296096269	0.000790426395029
0.096605087899	0.000231578969701	0.000794510396201
0.0977237220956	0.000230851642517	0.000798208526558
0.0988553094657	0.000230114167857	0.000801503135991
0.1	0.000229366827028	0.000804376908353
0.101157945426	0.000228609524413	0.000806803918181
0.102329299228	0.00022784233246	0.000808768716958
0.103514216668	0.000227065574854	0.000810249572309
0.104712854805	0.000226279222702	0.00081122220137
0.105925372518	0.000225483372356	0.000811671304192
0.107151930524	0.000224678394179	0.000811571653379
0.108392691402	0.00022386433127	0.0008109023089
0.109647819614	0.000223041310122	0.000809646343881
0.110917481526	0.00022220975199	0.000807777197746
0.11220184543	0.00022136977698	0.000805277769806
0.113501081567	0.000220521547819	0.00080212848673
0.11481536215	0.000219665540548	0.000798304300982
0.116144861384	0.00021880195681	0.000793791186523
0.117489755494	0.000217931001249	0.000788567184778
0.118850222744	0.00021705320797	0.000782611826801
0.120226443462	0.000216168863901	0.000775912468179
0.121618600065	0.000215278220555	0.000768446603655
0.123026877081	0.000214381872384	0.000760200015754
0.124451461177	0.000213480194214	0.000751160132242
0.125892541179	0.000212573488238	0.000741307105805
0.127350308102	0.000211662410116	0.000730633278526
0.128824955169	0.000210747423601	0.000719126210812
0.130316677845	0.000209828883773	0.000706772552956
0.131825673856	0.000208907506418	0.0006935698085
0.133352143216	0.00020798384317	0.000679507483752
0.134896288259	0.000207058302031	0.000664581317471
0.136458313659	0.000206131655324	0.00064879313476
0.13803842646	0.000205204535866	0.000632137307191
0.139636836106	0.000204277410834	0.000614620031045
0.141253754462	0.000203351093371	0.000596247335017
0.142889395851	0.00020242629333	0.000577022127773
0.144543977075	0.000201503531362	0.000556961058688
0.146217717446	0.00020058365045	0.000536075343961
0.147910838817	0.000199667427207	0.000514380343092
0.149623565609	0.000198755424014	0.000491902058349
0.151356124844	0.000197848500232	0.000468659337359
0.153108746168	0.000196947483789	0.000444682177119
0.154881661891	0.000196052962111	0.000420005091811
0.156675107011	0.000195165792692	0.000394658146945
0.158489319246	0.000194286834156	0.000368686494283
0.160324539069	0.000193416676848	0.000342133292777
0.162181009736	0.000192556152907	0.000315043618596
0.16405897732	0.000191706125401	0.000287476314161
0.165958690744	0.00019086715976	0.000259484562947
0.167880401812	0.000190040033781	0.000231130465415
0.169824365246	0.000189225582896	0.000202484877585
0.171790838716	0.000188424314131	0.00017361317014
0.173780082875	0.000187636916534	0.000144594565004
0.175792361396	0.000186864160133	0.000115510038162
0.177827941004	0.000186106454952	0.0000864392969723
0.179887091513	0.000185364361988	0.000057476711302
0.181970085861	0.000184638543083	0.0000287120146538
0.184077200147	0.0001839292687	2.3978641703e-7
0.186208713666	0.000183236928863	-0.0000278337937578
0.188364908949	0.000182562030347	-0.0000554114636951
0.190546071796	0.00018190465989	-0.00008238505658
0.192752491319	0.000181264996723	-0.000108643029644
0.194984459976	0.00018064332881	-0.000134079921896
0.197242273611	0.000180039531173	-0.000158579019369
0.199526231497	0.00017945352256	-0.000182028377231
0.201836636368	0.000178885326993	-0.000204317762092
0.204173794467	0.000178334567471	-0.000225327821881
0.206538015581	0.000177800862445	-0.000244951912444
0.208929613085	0.000177283934119	-0.000263080149394
0.211348903984	0.000176783121274	-0.000279600329221
0.21379620895	0.000176297711605	-0.000294415174426
0.216271852373	0.0001758271005	-0.000307423120928
0.218776162395	0.000175370323834	-0.00031853041408
0.221309470961	0.000174926323198	-0.00032765469077
0.223872113857	0.000174494161464	-0.000334712663182
0.226464430759	0.000174072572497	-0.000339638605168
0.229086765277	0.000173660157961	-0.000342375375896
0.231739464997	0.000173255668604	-0.000342867518088
0.234422881532	0.000172857563044	-0.000341087289784
0.237137370566	0.000172464137343	-0.000337010951009
0.239883291902	0.00017207388295	-0.000330628078457
0.242661009508	0.000171685041691	-0.0003219519175
0.245470891569	0.000171295672472	-0.000311004159072
0.24831331053	0.000170904097579	-0.000297828801022
0.251188643151	0.000170508436494	-0.000282490040129
0.254097270555	0.000170106617774	-0.00026506184842
0.257039578277	0.00016969692393	-0.000245650131002
0.260015956317	0.000169277482297	-0.000224374882851
0.26302679919	0.000168846242582	-0.00020137134462
0.26607250598	0.000168401608234	-0.000176806941886
0.269153480393	0.000167941874406	-0.000150859124196
0.272270130808	0.000167465219101	-0.000123727091619
0.275422870334	0.000166970335018	-0.000095635322192
0.278612116863	0.000166455884456	-0.0000668151654577
0.281838293126	0.000165920485848	-0.0000375228665097
0.28510182675	0.000165363320549	-8.02833829463e-6
0.288403150313	0.000164783622448	0.0000213918381024
0.2917427014	0.000164180663442	0.0000504413038138
0.295120922667	0.000163554304399	0.0000788238384883
0.298538261892	0.000162904542199	0.000106238584192
0.30199517204	0.000162231485515	0.00013237165212
0.305492111322	0.000161535827305	0.000156929007728
0.309029543251	0.0001608184739	0.000179614125066
0.312607936712	0.000160080486211	0.000200136085709
0.316227766017	0.000159323468132	0.00021822909671
0.319889510969	0.000158549299292	0.000233641746437
0.32359365693	0.000157759998846	0.000246148613749
0.327340694879	0.000156958049675	0.000255553661064
0.331131121483	0.000156146247054	0.000261688203489
0.334965439158	0.000155327426987	0.000264435525999
0.338844156139	0.00015450477666	0.000263715143133
0.342767786546	0.000153681795151	0.000259480924479
0.346736850453	0.00015286182256	0.000251759061455
0.350751873953	0.000152048415289	0.000240617223626
0.354813389234	0.000151245394053	0.000226176907867
0.358921934645	0.000150456121323	0.00020861986607
0.36307805477	0.000149684041117	0.000188184561045
0.367282300498	0.000148932736814	0.000165168423479
0.371535229097	0.000148205002705	0.000139923327877
0.375837404288	0.000147503582686	0.000112844301202
0.380189396321	0.00014683112961	0.0000843899700379
0.384591782045	0.000146189268846	0.0000550500094599
0.389045144994	0.000145579409531	0.0000253474658237
0.393550075456	0.000145002617097	-4.15420376055e-6
0.398107170553	0.00014445880197	-0.0000328918504031
0.402717034325	0.000143947509936	-0.0000602905705202
0.407380277804	0.000143467738338	-0.000085769933457
0.412097519097	0.000143017363267	-0.000108784517644
0.41686938347	0.000142593795136	-0.000128817289875
0.421696503429	0.000142193840741	-0.000145396383901
0.426579518802	0.00014181340312	-0.000158103996638
0.431519076828	0.00014144789957	-0.000166603524879
0.43651583224	0.000141092338588	-0.000170653984795
0.441570447353	0.000140741205283	-0.000170106317189
0.446683592151	0.000140388590349	-0.000164894683105
0.451855944375	0.000140028677298	-0.000155117577814
0.457088189615	0.000139655598848	-0.000140969860242
0.462381021399	0.000139263312072	-0.000122764082717
0.467735141287	0.000138846636855	-0.000100943557443
0.473151258961	0.000138400796154	-0.000076073914059
0.478630092323	0.00013792116989	-0.0000488217221359
0.484172367584	0.00013740486408	-0.000019950068281
0.489778819368	0.000136849700132	9.70499563228e-6
0.495450190805	0.000136254043534	0.0000392459227977
0.501187233627	0.000135618628905	0.0000677553659265
0.506990708275	0.000134944964984	0.0000943086595568
0.512861383991	0.000134235512824	0.000118003936141
0.518800038929	0.000133495021103	0.000138029894376
0.52480746025	0.00013272891578	0.00015366064992
0.530884444231	0.000131943683722	0.000164264199791
0.53703179637	0.000131147206798	0.000169421480421
0.543250331492	0.000130347777427	0.000168884418334
0.549540873858	0.000129554226557	0.000162600411209
0.55590425727	0.000128775381165	0.000150719352263
0.56234132519	0.000128019981477	0.00013366801558
0.568852930844	0.00012729613142	0.00011207474701
0.575439937337	0.000126610483538	0.0000867722062078
0.582103217771	0.000125968974771	0.0000587771951357
0.588843655356	0.000125375416588	0.0000292899684592
0.595662143529	0.000124831269022	-4.0980562584e-7
0.602559586074	0.000124336709804	-0.0000289800622897
0.60953689724	0.000123888730364	-0.0000550544359408
0.616595001861	0.000123482093626	-0.0000773878397396
0.623734835482	0.000123110043874	-0.0000948574894561
0.63095734448	0.00012276290607	-0.000106500479124
0.638263486191	0.00012242998529	-0.000111665033052
0.645654229035	0.000122099429668	-0.000110030744367
0.653130552647	0.000121758569909	-0.00010160322114
0.660693448008	0.000121395506662	-0.0000867307659237
0.668343917569	0.000120998264819	-0.0000662016455399
0.676082975392	0.000120557460001	-0.0000411405755099
0.683911647281	0.000120065931836	-0.0000129555324762
0.691830970919	0.00011951802923	0.0000166988862009
0.699841996002	0.000118913581791	0.0000459901539444
0.707945784384	0.000118254857934	0.0000730889598382
0.716143410213	0.00011754729795	0.0000962283914928
0.724435960075	0.000116801362015	0.000113769163092
0.732824533139	0.000116029192316	0.000124523889242
0.741310241301	0.000115246015296	0.000127679781396
0.749894209332	0.000114468029973	0.000122881027231
0.758577575029	0.000113711488234	0.000110373821458
0.767361489362	0.000112992835157	0.0000910491390479
0.776247116629	0.000112324184903	0.0000662766774505
0.78523563461	0.000111715730848	0.0000378945839974
0.794328234724	0.000111173456082	8.14490254282e-6
0.803526122186	0.000110696149233	-0.0000205749120655
0.812830516164	0.000110279426574	-0.0000458934156089
0.822242649947	0.000109912436088	-0.0000655518022512
0.831763771103	0.000109579339841	-0.0000777926117799
0.841395141645	0.000109261658633	-0.0000814935650861
0.851138038202	0.000108937940792	-0.0000762191727011
0.860993752185	0.00010858790706	-0.0000622357810111
0.870963589956	0.000108191291838	-0.0000409238851032
0.881048873008	0.000107733381279	-0.0000142671435677
0.891250938134	0.00010720579861	0.0000151730275644
0.901571137606	0.000106603799977	0.000044348367249
0.912010839356	0.000105934590051	0.0000702116657669
0.922571427155	0.000105210995831	0.0000899988099651
0.933254300797	0.000104451253262	0.000101411059504
0.944060876286	0.000103681044374	0.0001030107816
0.954992586021	0.000102925434897	0.0000946269542703
0.96605087899	0.000102211954369	0.0000771156018979
0.977237220956	0.000101560473561	0.0000523938814839
0.988553094657	0.000100985150865	0.0000235011578072
1.	0.000100494292312	-5.96065739363e-6
1.01157945426	0.000100079457879	-0.0000322769094589
1.02329299228	0.000099726709809	-0.0000518180868862
1.03514216668	0.0000994117961438	-0.0000619052036261
1.04712854805	0.000099103673915	-0.0000611476650267
1.05925372518	0.0000987713170341	-0.0000495109773299
1.07151930524	0.0000983825825249	-0.0000283669096454
1.08392691402	0.0000979182134954	-9.89680347954e-7
1.09647819614	0.0000973652783732	0.0000286214484327
1.10917481526	0.0000967250722457	0.0000559830343757
1.1220184543	0.0000960164338518	0.0000765131285426
1.13501081567	0.0000952650948781	0.0000869763468322
1.1481536215	0.0000945092378517	0.0000855903205497
1.16144861384	0.0000937855359586	0.0000722898277972
1.17489755494	0.0000931299353751	0.0000492671069092
1.18850222744	0.0000925657928008	0.0000206654412932
1.20226443462	0.0000920977413732	-8.5324112416e-6
1.21618600065	0.0000917203815419	-0.0000328341819336
1.23026877081	0.0000914023903186	-0.0000474584497593
1.24451461177	0.0000911055654642	-0.0000496776643171
1.25892541179	0.0000907835957649	-0.000038909257827
1.27350308102	0.0000903946897174	-0.000016932412953
1.28824955169	0.0000899134829146	0.0000114811045616
1.30316677845	0.0000893231342064	0.0000404138869354
1.31825673856	0.0000886441792551	0.0000637594324831
1.33352143216	0.0000879081330351	0.0000757871212967
1.34896288259	0.0000871644478812	0.0000739769978073
1.36458313659	0.000086465876746	0.0000586929626316
1.3803842646	0.0000858525218957	0.00003319502064
1.39636836106	0.0000853568094866	3.67687749226e-6
1.41253754462	0.0000849655743311	-0.0000223774015722
1.42889395851	0.0000846527439798	-0.0000385804667642
1.44543977075	0.0000843645596968	-0.0000403899364494
1.46217717446	0.0000840409530014	-0.0000269924104035
1.47910838817	0.0000836312077729	-2.38033511318e-6
1.49623565609	0.0000830998098424	0.0000269784522119
1.51356124844	0.0000824598350686	0.000052725545316
1.53108746168	0.0000817408277223	0.0000669485086214
1.54881661891	0.0000810101504626	0.0000657415971124
1.56675107011	0.000080331393605	0.000049233626795
1.58489319246	0.0000797614990792	0.0000219845381084
1.60324539069	0.0000793231187602	-6.76353249766e-6
1.62181009736	0.0000789891728466	-0.0000279970260729
1.6405897732	0.0000787110801505	-0.000034798376033
1.65958690744	0.0000784041048966	-0.0000237288880916
1.67880401812	0.0000780088879758	4.68760198773e-7
1.69824365246	0.0000774749187731	0.0000295657373252
1.71790838716	0.0000768221626507	0.0000533735815536
1.73780082875	0.0000761042101019	0.000061962752213
1.75792361396	0.0000754044235168	0.0000527680897865
1.77827941004	0.0000748048195686	0.0000291326264244
1.79887091513	0.0000743387293155	-2.25308788484e-7
1.81970085861	0.0000740118725315	-0.0000224891818845
1.84077200147	0.0000737384604828	-0.0000288815882209
1.86208713666	0.0000734406087603	-0.0000167422808237
1.88364908949	0.0000730147379079	9.65676253829e-6
1.90546071796	0.0000724493052722	0.0000376301319959
1.92752491319	0.000071769056804	0.000054867621981
1.94984459976	0.0000710656995031	0.0000536649030089
1.97242273611	0.000070442651925	0.0000331337870418
1.99526231497	0.0000699637013056	4.50476964189e-6
2.01836636368	0.0000696397168191	-0.000018610859339
2.04173794467	0.0000693751949926	-0.0000250233950964
2.06538015581	0.0000690735012093	-9.47359688289e-6
2.08929613085	0.0000686202254148	0.0000179285513579
2.11348903984	0.0000680235532011	0.000043299582373
2.1379620895	0.0000673289125989	0.0000528813817503
2.16271852373	0.0000666796147008	0.000039475378564
2.18776162395	0.000066158626647	0.0000127071580852
2.21309470961	0.0000658151528055	-0.0000129326479146
2.23872113857	0.0000655574431454	-0.0000217033221501
2.26464430759	0.0000652671424319	-7.04662805888e-6
2.29086765277	0.0000648196163749	0.0000200861741563
2.31739464997	0.0000642104826796	0.0000439054057086
2.34422881532	0.0000635322821962	0.0000474082645312
2.37137370566	0.0000629324439971	0.0000282083468938
2.39883291902	0.0000625082905676	5.23764471201e-7
2.42661009508	0.0000622282622625	-0.0000182168145079
2.45470891569	0.0000619764984757	-0.0000119677459176
2.4831331053	0.0000615891315669	0.0000128323376364
2.51188643151	0.0000610343999742	0.0000379707996857
2.54097270555	0.0000603661187813	0.0000456876102691
2.57039578277	0.000059781238847	0.0000266027728576
2.60015956317	0.0000593603600239	-5.1370498275e-7
2.6302679919	0.000059117560934	-0.0000159298991799
2.6607250598	0.000058847734751	-6.04276813509e-6
2.69153480393	0.0000584372162802	0.0000215178593913
2.72270130808	0.0000578228322927	0.0000405492134967
2.75422870334	0.000057198021469	0.0000367818312455
2.78612116863	0.0000566986065536	0.0000105373463085
2.81838293126	0.0000564197493378	-0.0000108422818991
2.8510182675	0.0000561793361884	-8.86224227178e-6
2.88403150313	0.0000558235378362	0.0000147778954181
2.917427014	0.0000552508634689	0.000038071316646
2.95120922667	0.000054635980969	0.0000344447722538
2.98538261892	0.0000541524958305	0.0000111583864762
3.0199517204	0.0000538816949212	-0.000011420489638
3.05492111322	0.000053648889647	-4.91227050405e-6
3.09029543251	0.0000532537989461	0.0000201334744666
3.12607936712	0.0000526768595367	0.0000371669490024
3.16227766017	0.0000520916029242	0.0000275355507538
3.19889510969	0.000051723009471	-4.90782989562e-8
3.2359365693	0.0000514874775062	-8.77867555979e-6
3.27340694879	0.0000512205314626	7.47353519358e-6
3.31131121483	0.0000506939515746	0.0000335953709268
3.34965439158	0.000050130004966	0.0000303062120695
3.38844156139	0.0000496649055836	7.6635791101e-6
3.42767786546	0.0000494584527952	-9.27921061253e-6
3.46736850453	0.0000491795372205	5.30803275861e-6
3.50751873953	0.0000487390073921	0.0000288241972856
3.54813389234	0.0000481554182615	0.0000292408867852
3.58921934645	0.0000477424040596	6.25601083712e-6
3.6307805477	0.0000475273585758	-7.97738391286e-6
3.67282300498	0.0000472294891795	0.0000100662892782
3.71535229097	0.0000467667326406	0.0000292618532172
3.75837404288	0.000046195150173	0.0000249287485883
3.80189396321	0.0000459012462351	-1.62684774191e-6
3.84591782045	0.0000456663854106	-1.2767617165e-6
3.89045144994	0.0000453396686759	0.0000184630185365
3.93550075456	0.0000448033523956	0.0000322491382722
3.98107170553	0.0000443577941203	8.38985503657e-6
4.02717034325	0.000044159762231	-2.88160401727e-6
4.07380277804	0.0000438494393525	9.46735348692e-6
4.12097519097	0.0000434142547445	0.0000312559082258
4.1686938347	0.0000429143886772	0.000013725288288
4.21696503429	0.0000426708896854	-1.14653104268e-6
4.26579518802	0.0000424480981363	5.72963984768e-6
4.31519076828	0.0000419719295965	0.000028816718294
4.3651583224	0.0000415554469941	0.0000142688137305
4.41570447353	0.0000412493124393	-1.41783286926e-7
4.46683592151	0.0000410345819282	6.66970208731e-6
4.51855944375	0.0000406071646112	0.0000271162846631
4.57088189615	0.0000401250840745	0.0000114133823209
4.62381021399	0.000039956751478	-4.93590412234e-7
4.67735141287	0.0000396429585851	0.0000131022284462
4.73151258961	0.0000391940633748	0.0000232070953212
4.78630092323	0.0000388752108457	6.97450239233e-6
4.84172367584	0.0000386053007611	5.00771514219e-7
4.89778819368	0.0000383200879925	0.0000234248554687
4.95450190805	0.0000378748289765	0.000014264605776
5.01187233627	0.0000375677805861	3.68379772711e-6
5.06990708275	0.0000373911512565	7.76107819066e-6
5.12861383991	0.0000369309983215	0.0000253358872342
5.18800038929	0.0000365812012013	3.87423798301e-6
5.2480746025	0.0000364170094319	5.51392342005e-6
5.30884444231	0.0000360046173731	0.0000211844236651
5.3703179637	0.0000356421428899	7.2839204822e-6
5.43250331492	0.0000354439791158	6.2720993598e-6
5.49540873858	0.0000350825181809	0.0000134151362067
5.5590425727	0.000034730442911	0.0000159175984924
5.6234132519	0.0000344945229268	1.26940797253e-6
5.68852930844	0.0000341672545143	0.0000139403630481
5.75439937337	0.0000338329984433	0.0000156775051609
5.82103217771	0.0000335713907338	-1.72574925556e-6
5.88843655356	0.0000332634668357	0.0000177376179842
5.95662143529	0.0000329456248308	0.0000106767624703
6.02559586074	0.0000326706141186	3.76291238487e-6
6.0953689724	0.0000323735355385	0.000018828127707
6.16595001861	0.0000320683993252	6.97431748289e-6
6.23734835482	0.0000317881983706	8.4348174992e-6
6.3095734448	0.0000314980156048	0.0000139450195836
6.38263486191	0.0000312024018988	6.00139242511e-6
6.45654229035	0.0000309216439065	0.0000106668608002
6.53130552647	0.0000306367445123	0.0000109024627107
6.60693448008	0.0000303485585023	7.73874359944e-6
6.68343917569	0.0000300696738025	0.0000111029741675
6.76082975392	0.0000297894751292	9.46955611635e-6
6.83911647281	0.0000295075020507	8.9393431616e-6
6.91830970919	0.0000292317579126	0.0000104106207219
6.99841996002	0.0000289561059446	8.94787521736e-6
7.07945784384	0.0000286798025104	9.38766979689e-6
7.16143410213	0.0000284078027881	9.67313592266e-6
7.24435960075	0.0000281367273904	8.88813613241e-6
7.32824533139	0.0000278657280318	9.43748720807e-6
7.41310241301	0.0000275979844362	9.24424923535e-6
7.49894209332	0.000027331602661	8.98739885669e-6
7.58577575029	0.0000270657880391	9.30728859183e-6
7.67361489362	0.0000268026526665	8.98519812592e-6
7.76247116629	0.000026541125576	8.96859926503e-6
7.8523563461	0.0000262805130867	9.04493558551e-6
7.94328234724	0.0000260222609493	8.80914569764e-6
8.03526122186	0.0000257657669326	8.87837673776e-6
8.12830516164	0.0000255104422349	8.82915312318e-6
8.22242649947	0.0000252573009751	8.69944460313e-6
8.31763771103	0.0000250060129569	8.74861676023e-6
8.41395141645	0.0000247560829474	8.64504277825e-6
8.51138038202	0.0000245082353465	8.58445102387e-6
8.60993752185	0.0000242622987371	8.58651327578e-6
8.70963589956	0.0000240178560005	8.48018833854e-6
8.81048873008	0.0000237754305228	8.45399150368e-6
8.91250938134	0.0000235349425002	8.41568906584e-6
9.01571137606	0.0000232960377498	8.32982361515e-6
9.12010839356	0.0000230590958975	8.31229865298e-6
9.22571427155	0.0000228240882515	8.25119399911e-6
9.33254300797	0.0000225907106481	8.18922942493e-6
9.44060876286	0.0000223592372878	8.16282885651e-6
9.54992586021	0.0000221296652856	8.09175105836e-6
9.6605087899	0.0000219017329635	8.04457724677e-6
9.77237220956	0.0000216756337209	8.00309828128e-6
9.88553094657	0.0000214513737795	7.93613195524e-6
10.	0.0000212287365143	7.89656623988e-6
10.1157945426	0.0000210078453083	7.84510175608e-6
10.2329299228	0.0000207887130647	7.78656312566e-6
10.3514216668	0.0000205711585264	7.7464097208e-6
10.4712854805	0.0000203552565818	7.68954910831e-6
10.5925372518	0.0000201410234881	7.63818998111e-6
10.7151930524	0.0000199283081499	7.59401022506e-6
10.8392691402	0.0000197171535959	7.53681584197e-6
10.9647819614	0.0000195075793171	7.49017253662e-6
11.0917481526	0.0000192994621665	7.44190158927e-6
11.220184543	0.0000190928264382	7.38760563245e-6
11.3501081567	0.0000188876964204	7.34306994912e-6
11.481536215	0.0000186839759968	7.2924650337e-6
11.6144861384	0.0000184816808589	7.2421374731e-6
11.7489755494	0.0000182808420915	7.1973399273e-6
11.8850222744	0.0000180813894476	7.14596545057e-6
12.0226443462	0.0000178833368895	7.09862727766e-6
12.1618600065	0.0000176867234118	7.05237695935e-6
12.3026877081	0.0000174915022296	7.00228456642e-6
12.4451461177	0.0000172976889023	6.95688105513e-6
12.5892541179	0.0000171053293922	6.90968660904e-6
12.7350308102	0.0000169143959932	6.86150726389e-6
12.8824955169	0.0000167249057213	6.8165534486e-6
13.0316677845	0.0000165369080073	6.76889974107e-6
13.1825673856	0.0000163503876051	6.72227859623e-6
13.3352143216	0.0000161653601762	6.67694886082e-6
13.4896288259	0.0000159818724801	6.6294573364e-6
13.6458313659	0.0000157999142507	6.58377762918e-6
13.803842646	0.0000156194950989	6.53784342713e-6
13.9636836106	0.0000154406517038	6.49088610817e-6
14.1253754462	0.0000152633721059	6.44553596749e-6
14.2889395851	0.0000150876545431	6.39918046226e-6
14.4543977075	0.0000149135204952	6.35283171292e-6
14.6217717446	0.0000147409508665	6.30735594566e-6
14.7910838817	0.0000145699297664	6.26085467284e-6
14.9623565609	0.0000144004615437	6.21495548099e-6
15.1356124844	0.0000142325186129	6.16926347213e-6
15.3108746168	0.0000140660720732	6.12306694893e-6
15.4881661891	0.0000139011122401	6.07756852055e-6
15.6675107011	0.0000137376063281	6.03196094003e-6
15.8489319246	0.0000135755179332	5.98633801254e-6
16.0324539069	0.0000134148312915	5.94123513377e-6
16.2181009736	0.0000132555154681	5.8960480711e-6
16.405897732	0.0000130975352854	5.8511296133e-6
16.5958690744	0.0000129408790662	5.80655288793e-6
16.7880401812	0.0000127855258786	5.76206652379e-6
16.9824365246	0.0000126314508773	5.71789369736e-6
17.1790838716	0.00001247865456	5.67398584349e-6
17.3780082875	0.0000123271313196	5.63028879544e-6
17.5792361396	0.0000121768720577	5.5868078182e-6
17.7827941004	0.0000120278914166	5.54360664302e-6
17.9887091513	0.000011880198316	5.5005797427e-6
18.1970085861	0.0000117337976914	5.45767085799e-6
18.4077200147	0.0000115887123142	5.41507743851e-6
18.6208713666	0.0000114449578967	5.37249897772e-6
18.8364908949	0.0000113025443441	5.33004376254e-6
19.0546071796	0.000011161490467	5.28785189941e-6
19.2752491319	0.0000110218072897	5.24551589333e-6
19.4984459976	0.0000108834966342	5.20340702732e-6
19.7242273611	0.0000107465622584	5.1614299871e-6
19.9526231497	0.0000106110005759	5.11929608897e-6
20.1836636368	0.0000104767963359	5.07752843552e-6
20.4173794467	0.0000103439349231	5.03573761003e-6
20.6538015581	0.0000102123961217	4.99394905822e-6
20.8929613085	0.0000100821497736	4.95260594842e-6
21.1348903984	9.95317043106e-6	4.91113687107e-6
21.379620895	9.82543007894e-6	4.86994045483e-6
21.6271852373	9.69889717721e-6	4.82914031479e-6
21.8776162395	9.5735502707e-6	4.78821029694e-6
22.1309470961	9.4493688824e-6	4.74780141408e-6
22.3872113857	9.32633652687e-6	4.70760540249e-6
22.6464430759	9.20444810686e-6	4.66739606858e-6
22.9086765277	9.08370196095e-6	4.62781736229e-6
23.1739464997	8.9641028626e-6	4.58819963586e-6
23.4422881532	8.84566212588e-6	4.54875473061e-6
23.7137370566	8.72839414292e-6	4.50979457644e-6
23.9883291902	8.61231367982e-6	4.47060863271e-6
24.2661009508	8.49743458093e-6	4.43177513825e-6
24.5470891569	8.38377030883e-6	4.39316321015e-6
24.831331053	8.27132462886e-6	4.35433073603e-6
25.1188643151	8.16009640347e-6	4.3159766237e-6
25.4097270555	8.05007989869e-6	4.27759069619e-6
25.7039578277	7.94125660307e-6	4.23917911453e-6
26.0015956317	7.83360516361e-6	4.20127998957e-6
26.302679919	7.72709893553e-6	4.16321592198e-6
26.607250598	7.62170875248e-6	4.12543151955e-6
26.9153480393	7.51740671502e-6	4.08807240577e-6
27.2270130808	7.41416625667e-6	4.05055799725e-6
27.5422870334	7.31197101965e-6	4.01358029086e-6
27.8612116863	7.2108083437e-6	3.9768190582e-6
28.1838293126	7.11067468976e-6	3.94003030758e-6
28.510182675	7.01157707764e-6	3.90386404212e-6
28.8403150313	6.91352458484e-6	3.86764776682e-6
29.17427014	6.81653336376e-6	3.83158195642e-6
29.5120922667	6.72061750256e-6	3.7959740078e-6
29.8538261892	6.62578837868e-6	3.76014297407e-6
30.199517204	6.53205248777e-6	3.72464568222e-6
30.5492111322	6.43940507338e-6	3.68937612781e-6
30.9029543251	6.34783509593e-6	3.6539354743e-6
31.2607936712	6.25732125905e-6	3.61898858069e-6
31.6227766017	6.16783768952e-6	3.58408623902e-6
31.9889510969	6.07935427392e-6	3.5492420892e-6
32.359365693	5.99184362101e-6	3.51494927473e-6
32.7340694879	5.90528570117e-6	3.48059519039e-6
33.1131121483	5.81966293218e-6	3.44655805714e-6
33.4965439158	5.73497456564e-6	3.41294684866e-6
33.8844156139	5.65122560303e-6	3.37922074718e-6
34.2767786546	5.5684264265e-6	3.34595620763e-6
34.6736850453	5.48659378365e-6	3.3128534645e-6
35.0751873953	5.40573861848e-6	3.27968542563e-6
35.4813389234	5.32586993088e-6	3.24701122215e-6
35.8921934645	5.2469820006e-6	3.21426997112e-6
36.307805477	5.16906227081e-6	3.18165765769e-6
36.7282300498	5.09208792552e-6	3.14947122717e-6
37.1535229097	5.01603051673e-6	3.11716914098e-6
37.5837404288	4.94086332609e-6	3.08524991429e-6
38.0189396321	4.86655983673e-6	3.05364065813e-6
38.4591782045	4.79311065877e-6	3.02200502571e-6
38.9045144994	4.72051123695e-6	2.99088196079e-6
39.3550075456	4.64876923706e-6	2.9598625447e-6
39.8107170553	4.57789940995e-6	2.92891937478e-6
40.2717034325	4.50791453043e-6	2.89842615136e-6
40.7380277804	4.43882434319e-6	2.86784864135e-6
41.2097519097	4.37062390986e-6	2.83749444288e-6
41.686938347	4.3033013594e-6	2.8074660724e-6
42.1696503429	4.23683077376e-6	2.77734399402e-6
42.6579518802	4.17118559858e-6	2.74764214187e-6
43.1519076828	4.10633840862e-6	2.71814817108e-6
43.651583224	4.04227258363e-6	2.68869803978e-6
44.1570447353	3.97898561242e-6	2.65975964855e-6
44.6683592151	3.91648118297e-6	2.63085725666e-6
45.1855944375	3.85477612719e-6	2.60212434386e-6
45.7088189615	3.79388074394e-6	2.57377235235e-6
46.2381021399	3.7338032136e-6	2.54532935659e-6
46.7735141287	3.67453304915e-6	2.51718895044e-6
47.3151258961	3.6160517454e-6	2.48929425349e-6
47.8630092323	3.55833094343e-6	2.46138602192e-6
48.4172367584	3.501345257e-6	2.43392643716e-6
48.9778819368	3.44507963327e-6	2.40660446012e-6
49.5450190805	3.38952554924e-6	2.37940887169e-6
50.1187233627	3.33469725578e-6	2.35264411451e-6
50.6990708275	3.2806050471e-6	2.32586710819e-6
51.2861383991	3.2272629961e-6	2.29931328724e-6
51.8800038929	3.17466537685e-6	2.27305575986e-6
52.480746025	3.12279915138e-6	2.24675021253e-6
53.0884444231	3.07163618367e-6	2.22081404373e-6
53.703179637	3.02115258344e-6	2.19507976393e-6
54.3250331492	2.97133081302e-6	2.16941624093e-6
54.9540873858	2.92216765155e-6	2.14419761508e-6
55.590425727	2.8736758095e-6	2.11903474447e-6
56.234132519	2.82586676604e-6	2.09403264671e-6
56.8852930844	2.77874881645e-6	2.0693650578e-6
57.5439937337	2.73230956131e-6	2.04466491873e-6
58.2103217771	2.68653002034e-6	2.02026257202e-6
58.8843655356	2.64137990555e-6	1.99611877148e-6
59.5662143529	2.59684570135e-6	1.97202085266e-6
60.2559586074	2.55291955475e-6	1.94831844355e-6
60.953689724	2.50961620433e-6	1.92473847405e-6
61.6595001861	2.46694482112e-6	1.90125865729e-6
62.3734835482	2.42491270245e-6	1.87812517395e-6
63.095734448	2.38350245388e-6	1.85501000101e-6
63.8263486191	2.34269306678e-6	1.83213030348e-6
64.5654229035	2.30245694905e-6	1.80956152576e-6
65.3130552647	2.26278876632e-6	1.78702492227e-6
66.0693448008	2.22369262733e-6	1.76482118082e-6
66.8343917569	2.18518426496e-6	1.74278631575e-6
67.6082975392	2.14726631482e-6	1.72079840106e-6
68.3911647281	2.10992919333e-6	1.69916495148e-6
69.1830970919	2.0731472628e-6	1.67760983717e-6
69.9841996002	2.03690166307e-6	1.65624095478e-6
70.7945784384	2.00118543765e-6	1.63520662748e-6
71.6143410213	1.96600922475e-6	1.61419287461e-6
72.4435960075	1.93138529727e-6	1.59343224756e-6
73.2824533139	1.89731478323e-6	1.57287686236e-6
74.1310241301	1.86378003337e-6	1.55235555188e-6
74.9894209332	1.8307615027e-6	1.53216916963e-6
75.8577575029	1.79824819815e-6	1.51211173934e-6
76.7361489362	1.76625124947e-6	1.49216447494e-6
77.6247116629	1.73478622509e-6	1.47251035857e-6
78.523563461	1.70386307274e-6	1.45286879304e-6
79.4328234724	1.67346964804e-6	1.43340492855e-6
80.3526122186	1.6435970243e-6	1.4141724092e-6
81.2830516164	1.61424124262e-6	1.39494030541e-6
82.2242649947	1.58542895721e-6	1.37593274895e-6
83.1763771103	1.55718330005e-6	1.35700554312e-6
84.1395141645	1.52952615109e-6	1.33804923162e-6
85.1138038202	1.50245536149e-6	1.31930191957e-6
86.0993752185	1.47598455993e-6	1.30051404237e-6
87.0963589956	1.45013287585e-6	1.28173491296e-6
88.1048873008	1.42494377378e-6	1.26305029322e-6
89.1250938134	1.40043314011e-6	1.24419847336e-6
90.1571137606	1.37660423445e-6	1.22539092792e-6
91.2010839356	1.35342662234e-6	1.20661256657e-6
92.2571427155	1.33086949394e-6	1.18774913298e-6
93.3254300797	1.30890181659e-6	1.16906261358e-6
94.4060876286	1.28744414693e-6	1.1504648515e-6
95.4992586021	1.26639313025e-6	1.13205290491e-6
96.605087899	1.24560687177e-6	1.11411447613e-6
97.7237220956	1.22496663669e-6	1.09654328681e-6
98.8553094657	1.20435604219e-6	1.07956289937e-6
100.	1.18366423854e-6	1.06330204633e-6
101.157945426	1.16279314013e-6	1.04766235962e-6
102.329299228	1.1416718583e-6	1.03288471042e-6
103.514216668	1.12027711806e-6	1.01886428045e-6
104.712854805	1.09863400797e-6	1.00548906793e-6
105.925372518	1.07677573917e-6	9.92899608825e-7
107.151930524	1.05474256926e-6	9.80832789661e-7
108.392691402	1.03261822766e-6	9.69254275918e-7
109.647819614	1.01049298631e-6	9.58152329967e-7
110.917481526	9.88456764367e-7	9.47237620889e-7
112.20184543	9.66576535455e-7	9.36595179195e-7
113.501081567	9.44918004946e-7	9.26118116336e-7
114.81536215	9.2356086324e-7	9.15615420503e-7
116.144861384	9.02551221292e-7	9.05216994506e-7
117.489755494	8.81924944429e-7	8.94762510695e-7
118.850222744	8.61706773059e-7	8.84219710221e-7
120.226443462	8.41922850007e-7	8.73692647994e-7
121.618600065	8.22598406725e-7	8.63000079147e-7
123.026877081	8.03720231125e-7	8.52247139647e-7
124.451461177	7.85291999542e-7	8.41467778258e-7
125.892541179	7.67324951502e-7	8.30511631864e-7
127.350308102	7.49803875599e-7	8.19558694141e-7
128.824955169	7.32719124535e-7	8.08544080619e-7
130.316677845	7.16061683021e-7	7.97418904269e-7
131.825673856	6.99826092867e-7	7.86347748776e-7
133.352143216	6.83999787567e-7	7.75198510255e-7
134.896288259	6.6855932906e-7	7.64031440638e-7
136.458313659	6.53506609166e-7	7.52931088353e-7
138.03842646	6.38831897392e-7	7.41759591042e-7
139.636836106	6.24508498849e-7	7.30658061353e-7
141.253754462	6.10536605346e-7	7.19612209714e-7
142.889395851	5.96908556045e-7	7.08535633532e-7
144.543977075	5.83600499104e-7	6.97591316484e-7
146.217717446	5.70610396791e-7	6.86676565975e-7
147.910838817	5.57932698122e-7	6.75794763945e-7
149.623565609	5.45549791714e-7	6.65063634959e-7
151.356124844	5.33456334992e-7	6.54346722714e-7
153.108746168	5.21646474138e-7	6.43732659727e-7
154.881661891	5.10108489211e-7	6.3325298393e-7
156.675107011	4.98836608376e-7	6.22793512715e-7
158.489319246	4.87825110512e-7	6.1249054463e-7
160.324539069	4.77063962014e-7	6.02287312984e-7
162.181009736	4.66546790787e-7	5.92140168055e-7
164.05897732	4.56267764715e-7	5.82177895241e-7
165.958690744	4.46220253054e-7	5.72279105298e-7
167.880401812	4.36398868265e-7	5.62485563696e-7
169.824365246	4.26798454315e-7	5.52861154919e-7
171.790838716	4.17411944965e-7	5.43285606051e-7
173.780082875	4.08234376872e-7	5.33864658689e-7
175.792361396	3.99261848823e-7	5.24580930031e-7
177.827941004	3.90489333833e-7	5.15359299029e-7
179.887091513	3.81911584669e-7	5.0632033218e-7
181.970085861	3.73522634398e-7	4.97378874911e-7
184.077200147	3.65318581472e-7	4.88532198199e-7
186.208713666	3.5729525516e-7	4.7986657095e-7
188.364908949	3.49448711585e-7	4.71268363891e-7
190.546071796	3.41774419762e-7	4.62805482151e-7
192.752491319	3.34268046908e-7	4.54499540606e-7
194.984459976	3.26925494706e-7	4.46253613804e-7
197.242273611	3.19744534148e-7	4.38173937588e-7
199.526231497	3.12722065376e-7	4.30210521275e-7
201.836636368	3.05853684445e-7	4.22325059439e-7
204.173794467	2.99135075885e-7	4.14621873278e-7
206.538015581	2.92562360892e-7	4.06997960391e-7
208.929613085	2.86134129592e-7	3.99484803131e-7
211.348903984	2.798464557e-7	3.92132724233e-7
213.79620895	2.73695106098e-7	3.84841763126e-7
216.271852373	2.67676481611e-7	3.77695634152e-7
218.776162395	2.61789079878e-7	3.70677462408e-7
221.309470961	2.560313631e-7	3.63723299683e-7
223.872113857	2.50398872879e-7	3.56930846225e-7
226.464430759	2.44888439826e-7	3.50230151457e-7
229.086765277	2.39497100547e-7	3.43617774674e-7
231.739464997	2.3422444691e-7	3.37162395623e-7
234.422881532	2.29067422844e-7	3.30769659046e-7
237.137370566	2.24021629424e-7	3.24494619924e-7
239.883291902	2.19084946818e-7	3.18354020902e-7
242.661009508	2.14255816005e-7	3.12266292998e-7
245.470891569	2.09533538795e-7	3.06317746386e-7
248.31331053	2.04912977362e-7	3.00468166982e-7
251.188643151	2.00391754748e-7	2.94685813943e-7
254.097270555	1.95969676741e-7	2.89052490628e-7
257.039578277	1.91644853632e-7	2.83483402606e-7
260.015956317	1.87414679342e-7	2.78005390156e-7
263.02679919	1.83274722533e-7	2.72660538712e-7
266.07250598	1.79225739372e-7	2.67363574756e-7
269.153480393	1.75266501257e-7	2.62181452212e-7
272.270130808	1.71393043042e-7	2.5710175326e-7
275.422870334	1.67603085761e-7	2.52074559844e-7
278.612116863	1.63895088289e-7	2.47177331757e-7
281.838293126	1.60270347694e-7	2.42350177827e-7
285.10182675	1.56724708657e-7	2.37590398924e-7
288.403150313	1.53254667808e-7	2.32957178636e-7
291.7427014	1.49860335648e-7	2.28372215988e-7
295.120922667	1.46541264887e-7	2.23877194478e-7
298.538261892	1.43296197696e-7	2.19485412779e-7
301.99517204	1.40119424576e-7	2.15134625437e-7
305.492111322	1.37011821162e-7	2.10893901388e-7
309.029543251	1.33974989128e-7	2.06727273211e-7
312.607936712	1.31004343031e-7	2.02607548593e-7
316.227766017	1.28097619086e-7	1.98606896404e-7
319.889510969	1.25253094424e-7	1.94653552256e-7
323.59365693	1.22473456466e-7	1.90767792674e-7
327.340694879	1.19755863758e-7	1.86983527612e-7
331.131121483	1.17094551024e-7	1.8323381907e-7
334.965439158	1.14492397876e-7	1.79572749361e-7
338.844156139	1.11948789861e-7	1.75988685936e-7
342.767786546	1.09461521933e-7	1.72439385823e-7
346.736850453	1.0702719844e-7	1.68991544321e-7
350.751873953	1.04645331986e-7	1.65594931311e-7
354.813389234	1.02319376373e-7	1.62246249265e-7
358.921934645	1.00043303014e-7	1.58993792519e-7
363.07805477	9.78152447882e-8	1.5577532678e-7
367.282300498	9.56379900571e-8	1.52623622783e-7
371.535229097	9.35093712869e-8	1.49549119554e-7
375.837404288	9.14274785599e-8	1.46502465386e-7
380.189396321	8.9389845029e-8	1.43538520202e-7
384.591782045	8.73978385025e-8	1.40628254721e-7
389.045144994	8.54513589164e-8	1.37750112972e-7
393.550075456	8.35461788367e-8	1.34963706516e-7
398.107170553	8.16830273923e-8	1.32207946984e-7
402.717034325	7.98621405397e-8	1.29500759907e-7
407.380277804	7.80807505255e-8	1.26871828427e-7
412.097519097	7.63387411659e-8	1.24263830579e-7
416.86938347	7.46359562065e-8	1.21720891477e-7
421.696503429	7.29701583902e-8	1.1923472044e-7
426.579518802	7.13410114533e-8	1.16772103415e-7
431.519076828	6.97484599895e-8	1.14384843955e-7
436.51583224	6.81916091443e-8	1.12032290968e-7
441.570447353	6.66688848138e-8	1.09713209925e-7
446.683592151	6.5178432268e-8	1.07468932809e-7
451.855944375	6.37230554724e-8	1.05242934625e-7
457.088189615	6.23007454827e-8	1.03065751211e-7
462.381021399	6.09067916816e-8	1.00947972885e-7
467.735141287	5.95453097552e-8	9.8845836198e-8
473.151258961	5.82155880961e-8	9.6803330217e-8
478.630092323	5.69136995718e-8	9.48002258265e-8
484.172367584	5.56404294179e-8	9.28202891768e-8
489.778819368	5.43958519896e-8	9.09048531293e-8
495.450190805	5.31805163012e-8	8.90101740805e-8
501.187233627	5.19907460799e-8	8.71513059934e-8
506.990708275	5.08259132044e-8	8.53504974319e-8
512.861383991	4.96901981097e-8	8.35578938113e-8
518.800038929	4.85788787291e-8	8.18158749927e-8
524.80746025	4.7490153998e-8	8.01162186849e-8
530.884444231	4.6427734308e-8	7.84263811593e-8
537.03179637	4.53890773137e-8	7.67947233433e-8
543.250331492	4.43724977399e-8	7.51873495274e-8
549.540873858	4.33790215002e-8	7.36015347952e-8
555.90425727	4.24078315503e-8	7.20694944664e-8
562.34132519	4.14581127162e-8	7.05496374193e-8
568.852930844	4.05297320932e-8	6.90651410407e-8
575.439937337	3.96220331539e-8	6.76229266718e-8
582.103217771	3.87343463256e-8	6.61872447991e-8
588.843655356	3.78666355743e-8	6.47986625875e-8
595.662143529	3.7018484649e-8	6.34366959992e-8
602.559586074	3.61893325707e-8	6.20855116774e-8
609.53689724	3.53780668231e-8	6.07866881962e-8
616.595001861	3.45850026026e-8	5.94993159175e-8
623.734835482	3.38109653061e-8	5.82351290026e-8
630.95734448	3.30528739494e-8	5.70139177169e-8
638.263486191	3.2311145805e-8	5.57979942001e-8
645.654229035	3.15882232778e-8	5.4616346121e-8
653.130552647	3.08801419529e-8	5.34640707617e-8
660.693448008	3.0186782244e-8	5.23197399414e-8
668.343917569	2.95110086756e-8	5.12155385712e-8
676.082975392	2.88497468581e-8	5.01270268568e-8
683.911647281	2.82023286852e-8	4.90535420027e-8
691.830970919	2.75701680811e-8	4.80202432435e-8
699.841996002	2.69523044861e-8	4.69911496714e-8
707.945784384	2.63481194818e-8	4.59879731007e-8
716.143410213	2.57570267013e-8	4.50170911561e-8
724.435960075	2.51794560739e-8	4.40453006521e-8
732.824533139	2.46152744521e-8	4.31096028277e-8
741.310241301	2.40631108849e-8	4.21923835001e-8
749.894209332	2.35233361438e-8	4.12795226752e-8
758.577575029	2.2996035866e-8	4.0406590326e-8
767.361489362	2.24803528375e-8	3.95392207274e-8
776.247116629	2.19761864756e-8	3.86874385891e-8
785.23563461	2.14834069175e-8	3.78679609053e-8
794.328234724	2.10015119099e-8	3.70483176667e-8
803.526122186	2.05305234884e-8	3.6254453435e-8
812.830516164	2.00704056206e-8	3.54816698314e-8
822.242649947	1.96200202694e-8	3.4710449726e-8
831.763771103	1.91797547032e-8	3.39710066799e-8
841.395141645	1.87502461201e-8	3.32406407752e-8
851.138038202	1.8329477374e-8	3.25185562946e-8
860.993752185	1.79178779234e-8	3.18280153682e-8
870.963589956	1.75167940954e-8	3.11371688098e-8
881.048873008	1.71238346869e-8	3.04643982847e-8
891.250938134	1.67391578071e-8	2.98156449174e-8
901.571137606	1.63643861397e-8	2.91636754333e-8
912.010839356	1.59974531318e-8	2.8537696704e-8
922.571427155	1.56381713337e-8	2.79244870406e-8
933.254300797	1.52877947642e-8	2.73131236023e-8
944.060876286	1.49450789913e-8	2.6730227027e-8
954.992586021	1.46097000326e-8	2.61502887521e-8
966.05087899	1.42821517116e-8	2.55808935755e-8
977.237220956	1.39619323153e-8	2.50345286417e-8
988.553094657	1.36487879567e-8	2.44863779917e-8
1000.	1.334277186e-8	2.39567400586e-8
1011.57945426	1.30435718429e-8	2.34418635063e-8
1023.29299228	1.27509992823e-8	2.29263439309e-8
1035.14216668	1.24652080518e-8	2.24340604979e-8
1047.12854805	1.21857401575e-8	2.19473346465e-8
1059.25372518	1.19123082678e-8	2.14654447365e-8
1071.51930524	1.16453577902e-8	2.10064409554e-8
1083.92691402	1.1384371866e-8	2.0545807691e-8
1096.47819614	1.112890851e-8	2.0097861874e-8
1109.17481526	1.08794723968e-8	1.96671212357e-8
1122.0184543	1.0635694787e-8	1.92320809625e-8
1135.01081567	1.03971273678e-8	1.88164551466e-8
1148.1536215	1.01640369551e-8	1.84091522798e-8
1161.44861384	9.93625571038e-9	1.80012357511e-8
1174.89755494	9.71351009814e-9	1.76155118317e-8
1188.50222744	9.49572781893e-9	1.72297796969e-8
1202.26443462	9.28285730907e-9	1.68508420924e-8
1216.18600065	9.0748680768e-9	1.64897805249e-8
1230.26877081	8.8714337729e-9	1.61246082707e-8
1244.51461177	8.67250857e-9	1.57733286675e-8
1258.92541179	8.47823570044e-9	1.54327479861e-8
1273.50308102	8.28822514826e-9	1.50893168798e-8
1288.24955169	8.10238212866e-9	1.4763962966e-8
1303.16677845	7.92086305489e-9	1.44413917039e-8
1318.25673856	7.74338109479e-9	1.41209525579e-8
1333.52143216	7.56981458587e-9	1.38183112366e-8
1348.96288259	7.40019774502e-9	1.35124346525e-8
1364.58313659	7.23439345809e-9	1.32155480049e-8
1380.3842646	7.07229359922e-9	1.29315919223e-8
1396.36836106	6.91381896669e-9	1.26423016678e-8
1412.53754462	6.75890992838e-9	1.23678680032e-8
1428.89395851	6.60749057032e-9	1.20988566475e-8
1445.43977075	6.45945490623e-9	1.18276939916e-8
1462.17717446	6.3147376996e-9	1.15740288489e-8
1479.10838817	6.17327103564e-9	1.13186170965e-8
1496.23565609	6.03499521175e-9	1.10674763188e-8
1513.56124844	5.89981000891e-9	1.08303454775e-8
1531.08746168	5.76762348229e-9	1.0587903027e-8
1548.81661891	5.6384529087e-9	1.03560323722e-8
1566.75107011	5.51217954144e-9	1.01320023833e-8
1584.89319246	5.38867279268e-9	9.90391540697e-9
1603.24539069	5.268006194e-9	9.69001951871e-9
1621.81009736	5.15006338799e-9	9.47722810704e-9
1640.5897732	5.03467680972e-9	9.26489975344e-9
1659.58690744	4.92193812599e-9	9.06638570526e-9
1678.80401812	4.81175653443e-9	8.86403981895e-9
1698.24365246	4.7039591458e-9	8.66805009808e-9
1717.90838716	4.59862539623e-9	8.48177077898e-9
1737.80082875	4.49569215086e-9	8.29005805072e-9
1757.92361396	4.39500460949e-9	8.10962281684e-9
1778.27941004	4.29659956649e-9	7.93269749718e-9
1798.87091513	4.20042940938e-9	7.75303831644e-9
1819.70085861	4.10637443367e-9	7.58695384977e-9
1840.77200147	4.01443477437e-9	7.41845551789e-9
1862.08713666	3.9245716102e-9	7.25260065873e-9
1883.64908949	3.83671251933e-9	7.09754862763e-9
1905.46071796	3.75082442472e-9	6.93706979687e-9
1927.52491319	3.66686619497e-9	6.78460464499e-9
1949.84459976	3.58479106768e-9	6.63784676694e-9
1972.42273611	3.5045537239e-9	6.48671197574e-9
1995.26231497	3.42611023865e-9	6.34675608809e-9
2018.36636368	3.34942683777e-9	6.20685068214e-9
2041.73794467	3.27446497093e-9	6.0664425015e-9
2065.38015581	3.20118353566e-9	5.93692685781e-9
2089.29613085	3.12954114268e-9	5.80337197069e-9
2113.48903984	3.0595076575e-9	5.67436091061e-9
2137.9620895	2.99104886854e-9	5.55276772891e-9
2162.71852373	2.92410873579e-9	5.42587879512e-9
2187.76162395	2.85867024965e-9	5.30770729271e-9
2213.09470961	2.79471803057e-9	5.19178975168e-9
2238.72113857	2.73217960607e-9	5.07290462661e-9
2264.64430759	2.67104001801e-9	4.96468252707e-9
2290.86765277	2.61129856742e-9	4.85380164905e-9
2317.39464997	2.55286979377e-9	4.74449037867e-9
2344.22881532	2.49573819068e-9	4.64358365503e-9
2371.37370566	2.43992089317e-9	4.5375204932e-9
2398.83291902	2.38533490333e-9	4.43755813459e-9
2426.61009508	2.3319582889e-9	4.34178831481e-9
2454.70891569	2.27981128855e-9	4.24176817172e-9
2483.1331053	2.22881499088e-9	4.15053279529e-9
2511.88643151	2.17894213097e-9	4.05878995231e-9
2540.97270555	2.13021468857e-9	3.96608020826e-9
2570.39578277	2.08257008624e-9	3.88196450181e-9
2600.15956317	2.03597840686e-9	3.79392537505e-9
2630.2679919	1.99044863614e-9	3.70918895232e-9
2660.7250598	1.94593681495e-9	3.63018515927e-9
2691.53480393	1.90241163201e-9	3.54619878792e-9
2722.70130808	1.8598622543e-9	3.46908889736e-9
2754.22870334	1.81826963325e-9	3.39338831252e-9
2786.12116863	1.77761116491e-9	3.3146758911e-9
2818.38293126	1.73785584388e-9	3.24453819159e-9
2851.0182675	1.69899295407e-9	3.17168408121e-9
2884.03150313	1.66100730986e-9	3.09968962775e-9
2917.427014	1.62386412856e-9	3.03436848366e-9
2951.20922667	1.58755047827e-9	2.96426261486e-9
2985.38261892	1.55205388092e-9	2.89888465595e-9
3019.9517204	1.5173540881e-9	2.83663391065e-9
3054.92111322	1.48343045848e-9	2.77037335199e-9
3090.29543251	1.45026157361e-9	2.71117583201e-9
3126.07936712	1.41783758789e-9	2.65113785439e-9
3162.27766017	1.38614197871e-9	2.58987636358e-9
3198.89510969	1.35515513342e-9	2.53556919153e-9
3235.9365693	1.32485585097e-9	2.47753399957e-9
3273.40694879	1.29523531757e-9	2.42193833155e-9
3311.31121483	1.26629260194e-9	2.37087549934e-9
3349.65439158	1.23798563814e-9	2.31520515303e-9
3388.44156139	1.21030253753e-9	2.26504824299e-9
3427.67786546	1.18325395844e-9	2.21576267902e-9
3467.36850453	1.156810759e-9	2.16357639354e-9
3507.51873953	1.13095454829e-9	2.11835354985e-9
3548.13389234	1.10567040987e-9	2.07052486271e-9
3589.21934645	1.08095960405e-9	2.02311293695e-9
3630.7805477	1.05680931636e-9	1.98105737735e-9
3672.82300498	1.03318472343e-9	1.93466326675e-9
3715.35229097	1.0100897702e-9	1.89199082085e-9
3758.37404288	9.87519109785e-10	1.8516915961e-9
3801.89396321	9.6545465915e-10	1.80771091751e-9
3845.91782045	9.43878663495e-10	1.76946392468e-9
3890.45144994	9.22778620407e-10	1.73024212971e-9
3935.50075456	9.02162558119e-10	1.68971630699e-9
3981.07170553	8.8200792164e-10	1.65485041311e-9
4027.17034325	8.62294318157e-10	1.6165703299e-9
4073.80277804	8.43024344085e-10	1.58012168912e-9
4120.97519097	8.24189481431e-10	1.54729475105e-9
4168.6938347	8.05778246134e-10	1.51030600976e-9
4216.96503429	7.8777149655e-10	1.47778357038e-9
4265.79518802	7.70166314384e-10	1.44578867227e-9
4315.19076828	7.52962386782e-10	1.41110464079e-9
4365.1583224	7.36141349744e-10	1.38212006746e-9
4415.70447353	7.19693690855e-10	1.35071966306e-9
4466.83592151	7.03612028871e-10	1.31947277816e-9
4518.55944375	6.87894325139e-10	1.29258486047e-9
4570.88189615	6.72530040702e-10	1.26179702482e-9
4623.81021399	6.57502614907e-10	1.23399059464e-9
4677.35141287	6.42812931426e-10	1.20802883761e-9
4731.51258961	6.28454691396e-10	1.1787416938e-9
4786.30092323	6.14417388117e-10	1.15414759917e-9
4841.72367584	6.00691579028e-10	1.12855629624e-9
4897.78819368	5.87271023729e-10	1.10168679137e-9
4954.50190805	5.74154692459e-10	1.079467998e-9
5011.87233627	5.61331029338e-10	1.05416895185e-9
5069.90708275	5.48791857203e-10	1.03026977149e-9
5128.61383991	5.3653286737e-10	1.00931053577e-9
5188.00038929	5.24549574763e-10	9.84644241122e-10
5248.0746025	5.12835546939e-10	9.63625758765e-10
5308.84444231	5.0137979253e-10	9.42914167671e-10
5370.3179637	4.90180622567e-10	9.19770686289e-10
5432.50331492	4.79234357426e-10	9.01341456934e-10
5495.40873858	4.68531405241e-10	8.8071074436e-10
5559.0425727	4.58067021217e-10	8.6007289047e-10
5623.4132519	4.47836523347e-10	8.43029049719e-10
5688.52930844	4.37835575275e-10	8.22526783327e-10
5754.39937337	4.2805830917e-10	8.04434219602e-10
5821.03217771	4.18498512013e-10	7.8779408214e-10
5888.43655356	4.09152347994e-10	7.68198436855e-10
5956.62143529	4.0001567398e-10	7.52486152354e-10
6025.59586074	3.91083929661e-10	7.35805578693e-10
6095.3689724	3.82350401784e-10	7.17916305834e-10
6165.95001861	3.73811651053e-10	7.03892415206e-10
6237.34835482	3.65465362429e-10	6.87128704819e-10
6309.5734448	3.57304966546e-10	6.71448406522e-10
6382.63486191	3.49326306199e-10	6.58176625827e-10
6456.54229035	3.4152623035e-10	6.41638645755e-10
6531.30552647	3.3390072073e-10	6.28113888307e-10
6606.93448008	3.2644569778e-10	6.14754239519e-10
6683.43917569	3.19156651566e-10	5.99218845514e-10
6760.82975392	3.12030568196e-10	5.87620034544e-10
6839.11647281	3.05063972493e-10	5.74049294447e-10
6918.30970919	2.98253217698e-10	5.60378672454e-10
6998.41996002	2.9159427746e-10	5.49693828166e-10
7079.45784384	2.85083685198e-10	5.35968959403e-10
7161.43410213	2.78719326548e-10	5.24217169315e-10
7244.35960075	2.72497057212e-10	5.13626529236e-10
7328.24533139	2.66413216126e-10	5.00426667326e-10
7413.10241301	2.60465599565e-10	4.9046920811e-10
7498.94209332	2.54651044172e-10	4.79608420177e-10
7585.77575029	2.48966267727e-10	4.67635027033e-10
7673.61489362	2.43408278889e-10	4.58896061122e-10
7762.47116629	2.37974493791e-10	4.47742415666e-10
7852.3563461	2.32662178636e-10	4.37442567374e-10
7943.28234724	2.27468586943e-10	4.29136445371e-10
8035.26122186	2.22390949504e-10	4.17966450058e-10
8128.30516164	2.17426412984e-10	4.09308634106e-10
8222.42649947	2.12573127171e-10	4.00729558432e-10
8317.63771103	2.07828360056e-10	3.9022247772e-10
8413.95141645	2.03189031382e-10	3.83023592332e-10
8511.38038202	1.98653561582e-10	3.74077775869e-10
8609.93752185	1.9421961169e-10	3.64984707635e-10
8709.63589956	1.89884432877e-10	3.58391709461e-10
8810.48873008	1.85646063189e-10	3.49139042532e-10
8912.50938134	1.81502396126e-10	3.4151914452e-10
9015.71137606	1.77451188461e-10	3.34841763029e-10
9120.10839356	1.73490544252e-10	3.25874101511e-10
9225.71427155	1.69618393123e-10	3.19632228348e-10
9332.54300797	1.65832388368e-10	3.12567487963e-10
9440.60876286	1.62131146179e-10	3.04497168761e-10
9549.92586021	1.58512754878e-10	2.9915129819e-10
9660.5087899	1.54974679058e-10	2.91689036182e-10
9772.37220956	1.51515753324e-10	2.84910204295e-10
9885.53094657	1.48134319704e-10	2.79797084921e-10
10000.	1.44828097301e-10	2.72182493933e-10