###############
#    GaPSE    #
############### 
#
# This is an integration map of the function \mathcal{F}(s, \mu), defined as:
# \mathcal{F}(s, \mu) = \int_0^\infty dp p^2 \phi(p) \phi(\sqrt{p^2 + s^2 + 2 p s \mu}) F(s/p, \mu)
# where F(x, \mu) is stored in a WindowF struct (for its analytical definition, check the code.
#
#
# s [h_0^{-1} Mpc] 	 mu 	 IF
100.0	 -1.0 	 0.0
100.0	 -0.99 	 2.2238568980961185e9
100.0	 -0.98 	 2.2379748349907923e9
100.0	 -0.97 	 2.2046290033041635e9
100.0	 -0.96 	 2.1904057059771194e9
100.0	 -0.95 	 2.2005053661761417e9
100.0	 -0.94 	 2.1877005715513334e9
100.0	 -0.93 	 2.1848608485976577e9
100.0	 -0.92 	 2.1911884372437797e9
100.0	 -0.91 	 2.1837692229916425e9
100.0	 -0.9 	 2.1827095600422997e9
100.0	 -0.85 	 2.18766886095404e9
100.0	 -0.8 	 2.1841223834954967e9
100.0	 -0.75 	 2.1801204743029485e9
100.0	 -0.7 	 2.188191415730983e9
100.0	 -0.65 	 2.192859568976022e9
100.0	 -0.6 	 2.190228555959888e9
100.0	 -0.55 	 2.196107447677575e9
100.0	 -0.5 	 2.197530620502425e9
100.0	 -0.45 	 2.2075408889960866e9
100.0	 -0.4 	 2.206251981518071e9
100.0	 -0.35 	 2.208934461848597e9
100.0	 -0.3 	 2.212522940668197e9
100.0	 -0.25 	 2.2125674953981404e9
100.0	 -0.2 	 2.212039471768172e9
100.0	 -0.15 	 2.2139662595629034e9
100.0	 -0.1 	 2.214326821947332e9
100.0	 -0.05 	 2.2163999363563223e9
100.0	 0.0 	 2.1484787298043494e9
100.0	 0.05 	 2.0852775256444108e9
100.0	 0.1 	 2.020913772050035e9
100.0	 0.15 	 1.9596473430539057e9
100.0	 0.2 	 1.89963808459883e9
100.0	 0.25 	 1.8411486163395455e9
100.0	 0.3 	 1.8459849412720373e9
100.0	 0.35 	 1.7901332350545514e9
100.0	 0.4 	 1.7336925324079475e9
100.0	 0.45 	 1.6823831038137076e9
100.0	 0.5 	 1.6238971723771763e9
100.0	 0.55 	 1.6308669717502198e9
100.0	 0.6 	 1.5816803148832343e9
100.0	 0.65 	 1.5345957223294291e9
100.0	 0.7 	 1.4817975530176735e9
100.0	 0.75 	 1.43932777795349e9
100.0	 0.8 	 1.4447636424206553e9
100.0	 0.85 	 1.398712150692409e9
100.0	 0.9 	 1.361676562621919e9
100.0	 0.91 	 1.3610092303888392e9
100.0	 0.92 	 1.3656664365209894e9
100.0	 0.93 	 1.3654457373793776e9
100.0	 0.94 	 1.3738097995493307e9
100.0	 0.95 	 1.3209553980792074e9
100.0	 0.96 	 1.3253180614721e9
100.0	 0.97 	 1.3288201429710543e9
100.0	 0.98 	 1.3481484503537364e9
100.0	 0.99 	 1.338655244257507e9
100.0	 1.0 	 0.0
150.0	 -1.0 	 0.0
150.0	 -0.99 	 2.0583793387721086e9
150.0	 -0.98 	 2.0832903089614167e9
150.0	 -0.97 	 2.046098004532068e9
150.0	 -0.96 	 2.0430374651703331e9
150.0	 -0.95 	 2.0381221066503243e9
150.0	 -0.94 	 2.0388715600888925e9
150.0	 -0.93 	 2.0332444263365855e9
150.0	 -0.92 	 2.0403365469459279e9
150.0	 -0.91 	 2.0309181519957438e9
150.0	 -0.9 	 2.0419120265693765e9
150.0	 -0.85 	 2.0423379733237884e9
150.0	 -0.8 	 2.0582718011699145e9
150.0	 -0.75 	 2.0704133478999832e9
150.0	 -0.7 	 2.0764253754999855e9
150.0	 -0.65 	 2.0928606790146804e9
150.0	 -0.6 	 2.0993116710023e9
150.0	 -0.55 	 2.1024169582079265e9
150.0	 -0.5 	 2.111215916328663e9
150.0	 -0.45 	 2.1166820776162438e9
150.0	 -0.4 	 2.1130783678831272e9
150.0	 -0.35 	 2.1125430497444253e9
150.0	 -0.3 	 2.1141143432104902e9
150.0	 -0.25 	 2.1163422880887651e9
150.0	 -0.2 	 2.1182466219814782e9
150.0	 -0.15 	 2.1221259059167502e9
150.0	 -0.1 	 2.0579643640248463e9
150.0	 -0.05 	 1.9968850844566135e9
150.0	 0.0 	 1.9363473043865252e9
150.0	 0.05 	 1.8182153155683022e9
150.0	 0.1 	 1.76226914441768e9
150.0	 0.15 	 1.7082984994198773e9
150.0	 0.2 	 1.6561941457734137e9
150.0	 0.25 	 1.549393822051962e9
150.0	 0.3 	 1.502767024357263e9
150.0	 0.35 	 1.455600293221134e9
150.0	 0.4 	 1.4093409770299382e9
150.0	 0.45 	 1.3665984884047883e9
150.0	 0.5 	 1.2703535003431013e9
150.0	 0.55 	 1.229676538637045e9
150.0	 0.6 	 1.1904888365168843e9
150.0	 0.65 	 1.1544087578826203e9
150.0	 0.7 	 1.1136802486078432e9
150.0	 0.75 	 1.0797990620730903e9
150.0	 0.8 	 1.0442212634948684e9
150.0	 0.85 	 1.0101231205458131e9
150.0	 0.9 	 9.817950052879869e8
150.0	 0.91 	 9.820589751653365e8
150.0	 0.92 	 9.866071788254693e8
150.0	 0.93 	 9.469517567200363e8
150.0	 0.94 	 9.536342923427105e8
150.0	 0.95 	 9.517266609605339e8
150.0	 0.96 	 9.568469331404308e8
150.0	 0.97 	 9.60102146663044e8
150.0	 0.98 	 9.345437869627609e8
150.0	 0.99 	 9.306118996908835e8
150.0	 1.0 	 0.0
200.0	 -1.0 	 0.0
200.0	 -0.99 	 1.855114720854142e9
200.0	 -0.98 	 1.8554121046046126e9
200.0	 -0.97 	 1.8391705784777503e9
200.0	 -0.96 	 1.8383614187811341e9
200.0	 -0.95 	 1.849155432251777e9
200.0	 -0.94 	 1.8529419087334838e9
200.0	 -0.93 	 1.8631876777338355e9
200.0	 -0.92 	 1.853211439886824e9
200.0	 -0.91 	 1.86081078334678e9
200.0	 -0.9 	 1.8722924930202136e9
200.0	 -0.85 	 1.9136949262050226e9
200.0	 -0.8 	 1.9374239611128602e9
200.0	 -0.75 	 1.9702790421228845e9
200.0	 -0.7 	 1.995717312268273e9
200.0	 -0.65 	 2.0138692741164439e9
200.0	 -0.6 	 2.0075184463763988e9
200.0	 -0.55 	 2.005052859071975e9
200.0	 -0.5 	 2.0053980344608803e9
200.0	 -0.45 	 2.0140916201199367e9
200.0	 -0.4 	 2.012980328787279e9
200.0	 -0.35 	 2.0154180032982295e9
200.0	 -0.3 	 2.0192608513108926e9
200.0	 -0.25 	 2.024882773889487e9
200.0	 -0.2 	 2.0296929998979146e9
200.0	 -0.15 	 1.9719012522828271e9
200.0	 -0.1 	 1.85186750512278e9
200.0	 -0.05 	 1.7976666842700033e9
200.0	 0.0 	 1.6859211777576113e9
200.0	 0.05 	 1.580969257163883e9
200.0	 0.1 	 1.4792818815856276e9
200.0	 0.15 	 1.4329527432856133e9
200.0	 0.2 	 1.3399156490419776e9
200.0	 0.25 	 1.297803864872104e9
200.0	 0.3 	 1.2112754684943323e9
200.0	 0.35 	 1.1276769928072412e9
200.0	 0.4 	 1.0905646542089605e9
200.0	 0.45 	 1.0149970418628032e9
200.0	 0.5 	 9.773344428379579e8
200.0	 0.55 	 9.453386702638838e8
200.0	 0.6 	 8.758256245029258e8
200.0	 0.65 	 8.476953732881784e8
200.0	 0.7 	 8.155919926051426e8
200.0	 0.75 	 7.550152323967863e8
200.0	 0.8 	 7.276311435426875e8
200.0	 0.85 	 7.02484707826914e8
200.0	 0.9 	 6.805798365699911e8
200.0	 0.91 	 6.495544149687015e8
200.0	 0.92 	 6.534188046185498e8
200.0	 0.93 	 6.548171002710133e8
200.0	 0.94 	 6.600253857476722e8
200.0	 0.95 	 6.283024461516862e8
200.0	 0.96 	 6.319707330870395e8
200.0	 0.97 	 6.352513303697851e8
200.0	 0.98 	 6.454769111439526e8
200.0	 0.99 	 6.44192681938983e8
200.0	 1.0 	 0.0
250.0	 -1.0 	 0.0
250.0	 -0.99 	 1.5665927319716606e9
250.0	 -0.98 	 1.5910066295903785e9
250.0	 -0.97 	 1.6079023481643562e9
250.0	 -0.96 	 1.6111201661899009e9
250.0	 -0.95 	 1.6234322579031823e9
250.0	 -0.94 	 1.6280648356567245e9
250.0	 -0.93 	 1.6630956788836327e9
250.0	 -0.92 	 1.671855572746555e9
250.0	 -0.91 	 1.6812775280604482e9
250.0	 -0.9 	 1.7113591699049146e9
250.0	 -0.85 	 1.7936404983439486e9
250.0	 -0.8 	 1.9068186946628246e9
250.0	 -0.75 	 1.8970475124286716e9
250.0	 -0.7 	 1.8951007795363193e9
250.0	 -0.65 	 1.8972799581340065e9
250.0	 -0.6 	 1.8961983004936078e9
250.0	 -0.55 	 1.8979731146171224e9
250.0	 -0.5 	 1.9028790871828933e9
250.0	 -0.45 	 1.9151008261257184e9
250.0	 -0.4 	 1.9178247296588554e9
250.0	 -0.35 	 1.9238515387872682e9
250.0	 -0.3 	 1.9299573791517837e9
250.0	 -0.25 	 1.9402468777788637e9
250.0	 -0.2 	 1.8852286972600164e9
250.0	 -0.15 	 1.773950657722927e9
250.0	 -0.1 	 1.665457274848537e9
250.0	 -0.05 	 1.5086566002137897e9
250.0	 0.0 	 1.41273701392416e9
250.0	 0.05 	 1.3221055918033848e9
250.0	 0.1 	 1.235133766481965e9
250.0	 0.15 	 1.1514008343252473e9
250.0	 0.2 	 1.0726486007800076e9
250.0	 0.25 	 9.972406381566391e8
250.0	 0.3 	 9.267402911448946e8
250.0	 0.35 	 8.579275701229291e8
250.0	 0.4 	 7.9395276873356e8
250.0	 0.45 	 7.674693214454442e8
250.0	 0.5 	 7.046489864574418e8
250.0	 0.55 	 6.48668260589763e8
250.0	 0.6 	 6.249920152784562e8
250.0	 0.65 	 5.741119640346065e8
250.0	 0.7 	 5.500134967759653e8
250.0	 0.75 	 5.0403733183040524e8
250.0	 0.8 	 4.8349079394498885e8
250.0	 0.85 	 4.3977110272752565e8
250.0	 0.9 	 4.2319522302545035e8
250.0	 0.91 	 4.244713776723583e8
250.0	 0.92 	 4.2733927629798436e8
250.0	 0.93 	 4.050073278739742e8
250.0	 0.94 	 4.0859277682938623e8
250.0	 0.95 	 4.089079594043108e8
250.0	 0.96 	 4.1135657581051123e8
250.0	 0.97 	 3.908969128608649e8
250.0	 0.98 	 3.9774424439282054e8
250.0	 0.99 	 3.9744816020310676e8
250.0	 1.0 	 0.0
300.0	 -1.0 	 0.0
300.0	 -0.99 	 1.247777243732621e9
300.0	 -0.98 	 1.309590338915869e9
300.0	 -0.97 	 1.305684346058011e9
300.0	 -0.96 	 1.346234542114362e9
300.0	 -0.95 	 1.3933113789350233e9
300.0	 -0.94 	 1.4288216427124445e9
300.0	 -0.93 	 1.469466127167519e9
300.0	 -0.92 	 1.504050101339822e9
300.0	 -0.91 	 1.5372829401116686e9
300.0	 -0.9 	 1.5706824768642538e9
300.0	 -0.85 	 1.777274094532512e9
300.0	 -0.8 	 1.7709693123820152e9
300.0	 -0.75 	 1.769450002384899e9
300.0	 -0.7 	 1.7753461810719166e9
300.0	 -0.65 	 1.783266806208815e9
300.0	 -0.6 	 1.7884641147623084e9
300.0	 -0.55 	 1.795826446192232e9
300.0	 -0.5 	 1.8059013592650087e9
300.0	 -0.45 	 1.8223280304369078e9
300.0	 -0.4 	 1.8293370657467985e9
300.0	 -0.35 	 1.8394997779043791e9
300.0	 -0.3 	 1.8490239983139544e9
300.0	 -0.25 	 1.8022968351146674e9
300.0	 -0.2 	 1.638841882945126e9
300.0	 -0.15 	 1.5412057580362551e9
300.0	 -0.1 	 1.3954382469342964e9
300.0	 -0.05 	 1.2596827709980934e9
300.0	 0.0 	 1.133304704186749e9
300.0	 0.05 	 1.0574315331048414e9
300.0	 0.1 	 9.456020830302591e8
300.0	 0.15 	 8.774620081372963e8
300.0	 0.2 	 8.137698362815682e8
300.0	 0.25 	 7.195684087683866e8
300.0	 0.3 	 6.642243037516081e8
300.0	 0.35 	 6.101764439121991e8
300.0	 0.4 	 5.599744368904824e8
300.0	 0.45 	 5.1302051867891693e8
300.0	 0.5 	 4.658035886173768e8
300.0	 0.55 	 4.233688409217618e8
300.0	 0.6 	 4.058528006879412e8
300.0	 0.65 	 3.67483950178967e8
300.0	 0.7 	 3.2959805584538e8
300.0	 0.75 	 3.1538926973867613e8
300.0	 0.8 	 2.8166119892085505e8
300.0	 0.85 	 2.6775858393379006e8
300.0	 0.9 	 2.3846911980749458e8
300.0	 0.91 	 2.39353179942747e8
300.0	 0.92 	 2.4094180725592515e8
300.0	 0.93 	 2.4191042761548853e8
300.0	 0.94 	 2.2733263838192174e8
300.0	 0.95 	 2.2788910478480813e8
300.0	 0.96 	 2.291980242275187e8
300.0	 0.97 	 2.3135385819941422e8
300.0	 0.98 	 2.1894076761970538e8
300.0	 0.99 	 2.19030429456282e8
300.0	 1.0 	 0.0
350.0	 -1.0 	 0.0
350.0	 -0.99 	 8.742513087565016e8
350.0	 -0.98 	 9.510519914145129e8
350.0	 -0.97 	 1.0035462703330998e9
350.0	 -0.96 	 1.0968250070804088e9
350.0	 -0.95 	 1.1541268340684326e9
350.0	 -0.94 	 1.2326354455244331e9
350.0	 -0.93 	 1.3068046320348687e9
350.0	 -0.92 	 1.4010876314363482e9
350.0	 -0.91 	 1.512348280971062e9
350.0	 -0.9 	 1.6284143287212036e9
350.0	 -0.85 	 1.6298683552677138e9
350.0	 -0.8 	 1.6364274123102648e9
350.0	 -0.75 	 1.64558562250043e9
350.0	 -0.7 	 1.6601971260033379e9
350.0	 -0.65 	 1.6760842141574187e9
350.0	 -0.6 	 1.6875436038326206e9
350.0	 -0.55 	 1.7008554450882108e9
350.0	 -0.5 	 1.7162055702207606e9
350.0	 -0.45 	 1.736994925248506e9
350.0	 -0.4 	 1.7487670024128282e9
350.0	 -0.35 	 1.76254801039463e9
350.0	 -0.3 	 1.7760353632822227e9
350.0	 -0.25 	 1.5658091170820348e9
350.0	 -0.2 	 1.371233098368997e9
350.0	 -0.15 	 1.2419166671537042e9
350.0	 -0.1 	 1.119166482833485e9
350.0	 -0.05 	 9.654543056778258e8
350.0	 0.0 	 8.626205885188661e8
350.0	 0.05 	 7.670680365406243e8
350.0	 0.1 	 6.792666353234595e8
350.0	 0.15 	 6.262140333516208e8
350.0	 0.2 	 5.486981340942408e8
350.0	 0.25 	 5.0273696996918565e8
350.0	 0.3 	 4.3587425874276143e8
350.0	 0.35 	 3.956618038822706e8
350.0	 0.4 	 3.5833970800395495e8
350.0	 0.45 	 3.0431519241568655e8
350.0	 0.5 	 2.707809569352159e8
350.0	 0.55 	 2.5766384430258444e8
350.0	 0.6 	 2.2852993957618964e8
350.0	 0.65 	 2.0157946929145712e8
350.0	 0.7 	 1.7527296145049778e8
350.0	 0.75 	 1.6509664585435215e8
350.0	 0.8 	 1.420369503727281e8
350.0	 0.85 	 1.3236457841879548e8
350.0	 0.9 	 1.2370054767678984e8
350.0	 0.91 	 1.1275305004860881e8
350.0	 0.92 	 1.1359877826981771e8
350.0	 0.93 	 1.139989670213106e8
350.0	 0.94 	 1.1518644218712622e8
350.0	 0.95 	 1.0448167697492658e8
350.0	 0.96 	 1.0505968658601503e8
350.0	 0.97 	 1.0627639757441899e8
350.0	 0.98 	 1.0841258874450067e8
350.0	 0.99 	 9.754734011721787e7
350.0	 1.0 	 0.0
400.0	 -1.0 	 0.0
400.0	 -0.99 	 4.4556523287898403e8
400.0	 -0.98 	 5.498270166380394e8
400.0	 -0.97 	 6.807816716196474e8
400.0	 -0.96 	 8.435776975072349e8
400.0	 -0.95 	 9.567760729855487e8
400.0	 -0.94 	 1.1180899157764165e9
400.0	 -0.93 	 1.3414755409531527e9
400.0	 -0.92 	 1.453411169769686e9
400.0	 -0.91 	 1.4577925820801868e9
400.0	 -0.9 	 1.4634478859121954e9
400.0	 -0.85 	 1.4861315188622653e9
400.0	 -0.8 	 1.508003669755291e9
400.0	 -0.75 	 1.5287537682109034e9
400.0	 -0.7 	 1.553127092800048e9
400.0	 -0.65 	 1.5770092756639569e9
400.0	 -0.6 	 1.5950441087357483e9
400.0	 -0.55 	 1.6143329825555942e9
400.0	 -0.5 	 1.6347198855369794e9
400.0	 -0.45 	 1.659920513039441e9
400.0	 -0.4 	 1.6758390679652472e9
400.0	 -0.35 	 1.693575284763735e9
400.0	 -0.3 	 1.4920493109424572e9
400.0	 -0.25 	 1.263018314802259e9
400.0	 -0.2 	 1.0994754545421867e9
400.0	 -0.15 	 9.521046336159996e8
400.0	 -0.1 	 8.175079974918144e8
400.0	 -0.05 	 6.960774610891994e8
400.0	 0.0 	 6.154669771111044e8
400.0	 0.05 	 5.1490952245226467e8
400.0	 0.1 	 4.487599611207741e8
400.0	 0.15 	 3.874339492060581e8
400.0	 0.2 	 3.3181669003882027e8
400.0	 0.25 	 2.8123415465698105e8
400.0	 0.3 	 2.517531973529398e8
400.0	 0.35 	 2.0860219607806894e8
400.0	 0.4 	 1.8354805208007634e8
400.0	 0.45 	 1.6027551832459378e8
400.0	 0.5 	 1.3773067194855553e8
400.0	 0.55 	 1.1751141041066393e8
400.0	 0.6 	 9.880160073674618e7
400.0	 0.65 	 9.10052321808247e7
400.0	 0.7 	 7.383136764629188e7
400.0	 0.75 	 6.69588388858913e7
400.0	 0.8 	 5.20421056186136e7
400.0	 0.85 	 4.5617743137790166e7
400.0	 0.9 	 3.9578877573837765e7
400.0	 0.91 	 3.286950071541097e7
400.0	 0.92 	 3.314360746701223e7
400.0	 0.93 	 3.32810076608725e7
400.0	 0.94 	 3.3650115187288895e7
400.0	 0.95 	 3.3809650218490586e7
400.0	 0.96 	 2.7335423610954117e7
400.0	 0.97 	 2.767115180292289e7
400.0	 0.98 	 2.8260320554813106e7
400.0	 0.99 	 2.832582791713395e7
400.0	 1.0 	 0.0
450.0	 -1.0 	 0.0
450.0	 -0.99 	 3.765276370556564e7
450.0	 -0.98 	 1.780168887161761e8
450.0	 -0.97 	 4.027145770757711e8
450.0	 -0.96 	 6.467211889471483e8
450.0	 -0.95 	 9.165494598581667e8
450.0	 -0.94 	 1.2582756883173366e9
450.0	 -0.93 	 1.2731192266186407e9
450.0	 -0.92 	 1.2824139914737935e9
450.0	 -0.91 	 1.2940976517732468e9
450.0	 -0.9 	 1.3058984831972315e9
450.0	 -0.85 	 1.3519211819542096e9
450.0	 -0.8 	 1.3896766300545282e9
450.0	 -0.75 	 1.4221270765168834e9
450.0	 -0.7 	 1.455978958222313e9
450.0	 -0.65 	 1.4872985601863866e9
450.0	 -0.6 	 1.511504148214926e9
450.0	 -0.55 	 1.5363896475124557e9
450.0	 -0.5 	 1.5617430026353776e9
450.0	 -0.45 	 1.5905515868429835e9
450.0	 -0.4 	 1.6106685180504117e9
450.0	 -0.35 	 1.371970014649371e9
450.0	 -0.3 	 1.1587996301277292e9
450.0	 -0.25 	 9.704894625962985e8
450.0	 -0.2 	 8.03347715137833e8
450.0	 -0.15 	 6.571323349652917e8
450.0	 -0.1 	 5.285327469889167e8
450.0	 -0.05 	 4.400013424299589e8
450.0	 0.0 	 3.6130111379681414e8
450.0	 0.05 	 2.91893388345862e8
450.0	 0.1 	 2.4679847937681508e8
450.0	 0.15 	 1.9174996004350588e8
450.0	 0.2 	 1.5631147994063815e8
450.0	 0.25 	 1.2477164517190878e8
450.0	 0.3 	 1.0643607261471677e8
450.0	 0.35 	 8.057458123796147e7
450.0	 0.4 	 6.564928329165087e7
450.0	 0.45 	 5.201236593653468e7
450.0	 0.5 	 3.922261985468046e7
450.0	 0.55 	 2.783942722830431e7
450.0	 0.6 	 2.2801984563282907e7
450.0	 0.65 	 1.294438370045976e7
450.0	 0.7 	 8.440425660753993e6
450.0	 0.75 	 4.165654542924896e6
450.0	 0.8 	 0.0
450.0	 0.85 	 0.0
450.0	 0.9 	 0.0
450.0	 0.91 	 0.0
450.0	 0.92 	 0.0
450.0	 0.93 	 0.0
450.0	 0.94 	 0.0
450.0	 0.95 	 0.0
450.0	 0.96 	 0.0
450.0	 0.97 	 0.0
450.0	 0.98 	 0.0
450.0	 0.99 	 0.0
450.0	 1.0 	 0.0
500.0	 -1.0 	 0.0
500.0	 -0.99 	 6.543440154774517e7
500.0	 -0.98 	 1.1120133219728161e8
500.0	 -0.97 	 1.6234326627558592e8
500.0	 -0.96 	 5.805070609685512e8
500.0	 -0.95 	 1.06831977517236e9
500.0	 -0.94 	 1.08453786747879e9
500.0	 -0.93 	 1.1089081670980482e9
500.0	 -0.92 	 1.1264750903288352e9
500.0	 -0.91 	 1.1454191735292337e9
500.0	 -0.9 	 1.1631995187131991e9
500.0	 -0.85 	 1.2317760532342043e9
500.0	 -0.8 	 1.283981706439859e9
500.0	 -0.75 	 1.327137824479136e9
500.0	 -0.7 	 1.3694223693342457e9
500.0	 -0.65 	 1.4076062229709516e9
500.0	 -0.6 	 1.4373206963689783e9
500.0	 -0.55 	 1.4672514835734785e9
500.0	 -0.5 	 1.4966475812242608e9
500.0	 -0.45 	 1.5288834958225946e9
500.0	 -0.4 	 1.3035208000168858e9
500.0	 -0.35 	 1.0217644792403624e9
500.0	 -0.3 	 8.180564252215183e8
500.0	 -0.25 	 6.157600016272044e8
500.0	 -0.2 	 4.7235775186692005e8
500.0	 -0.15 	 3.7242721412291276e8
500.0	 -0.1 	 2.6980430097484577e8
500.0	 -0.05 	 2.001202250859311e8
500.0	 0.0 	 1.5350513852487883e8
500.0	 0.05 	 1.1362528654812743e8
500.0	 0.1 	 7.995603143417057e7
500.0	 0.15 	 5.187967652040769e7
500.0	 0.2 	 3.4486589490062006e7
500.0	 0.25 	 2.4473770663853876e7
500.0	 0.3 	 1.1120049388944693e7
500.0	 0.35 	 3.4900661123846024e6
500.0	 0.4 	 0.0
500.0	 0.45 	 0.0
500.0	 0.5 	 0.0
500.0	 0.55 	 0.0
500.0	 0.6 	 0.0
500.0	 0.65 	 0.0
500.0	 0.7 	 0.0
500.0	 0.75 	 0.0
500.0	 0.8 	 0.0
500.0	 0.85 	 0.0
500.0	 0.9 	 0.0
500.0	 0.91 	 0.0
500.0	 0.92 	 0.0
500.0	 0.93 	 0.0
500.0	 0.94 	 0.0
500.0	 0.95 	 0.0
500.0	 0.96 	 0.0
500.0	 0.97 	 0.0
500.0	 0.98 	 0.0
500.0	 0.99 	 0.0
500.0	 1.0 	 0.0
