0.1	1.	1.3737836625288808e-8	1.191715899542424e-6	-1.5584375438544148e-9	1.0603374917960768e-7
20.1	0.9837797652112619	-0.0024455848174150105	-0.003178117866312166	0.00002381487373231704	0.0005888748118800476
40.1	0.9674947845269083	-0.004817214766514178	-0.006323190886891592	0.00009400888621900702	0.001170703487485726
60.1	0.9505019376433835	-0.007128662276628223	-0.009448570433602633	0.0002112627227055763	0.0017449048828255358
80.1	0.9356828694765809	-0.009377070185611024	-0.012554800489531715	0.0003751278965448594	0.0023130233515744106
100.1	0.9204985753140964	-0.011571993847555907	-0.015655746993971462	0.0005852068877255721	0.0028615662611892025
120.1	0.902410814265487	-0.013700902385334175	-0.018728698293669743	0.0008414215550845055	0.003423839427263735
140.1	0.8899578811412423	-0.015772144620153878	-0.021783062488156632	0.001143523425713802	0.00396785761676186
160.1	0.8736843177103183	-0.01778053735251505	-0.024833250907278955	0.0014913224247661036	0.004501266551686823
180.1	0.8595133574711247	-0.019736464680296533	-0.027865285918089556	0.0018844726741386892	0.005024744946562808
200.1	0.8444752680283939	-0.02164122890518884	-0.030903499297487137	0.0023230279814133283	0.005513885590412104
220.1	0.8294067818041232	-0.023475258943489972	-0.033889236131522504	0.002806371826236304	0.006037130785670592
240.1	0.8147063098943762	-0.025261974058760885	-0.036899326073880315	0.003334458508452058	0.0065226861100052685
260.1	0.799645331595589	-0.02698914572650528	-0.03986612238049927	0.003906709325876881	0.007000602726107697
280.1	0.7856805060212007	-0.0286614840795325	-0.042834332035033375	0.004523754169606759	0.007461673632051543
300.1	0.7708811681437568	-0.030279021173195267	-0.045789619151342845	0.0051852966076751834	0.00790904449358032
320.1	0.7546363661029432	-0.03184227955846436	-0.048741713834876736	0.005890287380140311	0.008341677727589378
340.1	0.7419065912266759	-0.03336211066843445	-0.05173009652071145	0.006638102557338527	0.008758898995380607
360.1	0.7276623077497306	-0.03480241264696459	-0.05458995493910473	0.007430131696461162	0.009158382093244016
380.1	0.7133400534365326	-0.036213558005146564	-0.057491000675680734	0.008265502297772485	0.009538942732874794
400.1	0.6989997909246342	-0.037545040582885485	-0.060422418931299966	0.00914317054980792	0.00985955400834699
420.1	0.6849511202530482	-0.03886543767966418	-0.06325651437879691	0.010063257721356416	0.010250034886303211
440.1	0.6705728110392172	-0.040111046315659524	-0.06612592721927257	0.011025485572649868	0.010575105148547363
460.1	0.6566583314473506	-0.04131245953807415	-0.06896859075824208	0.012026903153426952	0.010879150682718896
480.1	0.6422559229756227	-0.04246222915202762	-0.07184369827892895	0.013080251829025337	0.011158543252325567
500.1	0.6284102793641255	-0.04355754187338779	-0.07462369662359872	0.01410416909000196	0.011426648351627329
520.1	0.6142782567993388	-0.04460749643373882	-0.07742900923228223	0.01529048521405191	0.011661356895525924
540.1	0.6003455916141869	-0.045663484579875555	-0.08021878122227856	0.016463877029215864	0.011869601210373289
560.1	0.58644067924105	-0.046561552610994754	-0.08296790306786969	0.017668586196611182	0.01206423223226329
580.1	0.572228740363995	-0.04745920118226354	-0.0859623103333693	0.019039920707965657	0.01222670729838523
600.1	0.5586278184468982	-0.048304900833839516	-0.08842527284486287	0.020173135259348954	0.012362304661389364
620.1	0.5440849013054513	-0.049100810122744414	-0.09112737994761676	0.021529068760337264	0.012476830189281446
640.1	0.530574022586208	-0.049844250567064215	-0.09381871235436262	0.022898068863259385	0.012559429959055847
660.1	0.5169451303348405	-0.050530859873021076	-0.09650463055577774	0.024301120554074518	0.012619114730193988
680.1	0.5029044108322942	-0.05118513394169217	-0.09921724502275074	0.025808014897688733	0.012650836103482187
700.1	0.48932988320519943	-0.05177046490528936	-0.10170311909834193	0.02722439768191938	0.012653814522977284
720.1	0.4754199579131735	-0.05231601278848272	-0.10429746344032671	0.02873313414390431	0.012633770244314653
740.1	0.46167155769673945	-0.052812476844280906	-0.10683308827558327	0.03028777367324213	0.012588164211911541
760.1	0.4481807833173903	-0.053257634175401	-0.10910129989551454	0.031873813593916805	0.012753210222304271
780.1	0.4353666169289992	-0.0536550734576432	-0.1107324368000619	0.03346660522535869	0.013396670566508161
800.1	0.4231628560368975	-0.05400746747931734	-0.11183010913360737	0.03504294033047378	0.014337303648351788
820.1	0.4115240022668055	-0.0543130721383721	-0.1124765275997898	0.036584973326460414	0.01544750429314476
840.1	0.40041825883529	-0.054573644014801984	-0.11274142327340889	0.038081517711954595	0.016635802765190624
860.1	0.3898047429582924	-0.05478858195633334	-0.11267985652125603	0.03952056599229745	0.017835910567379543
880.1	0.3796553333358361	-0.054961244001507197	-0.112342121518429	0.04089606223973117	0.019001051493491735
900.1	0.3699415569268873	-0.055095282590770504	-0.1117704566287272	0.04220367121036945	0.020098333020150436
920.1	0.36063549672137735	-0.055193684407832684	-0.11100120701508677	0.04344045108773652	0.021106078776488096
940.1	0.35172427287866426	-0.05526356919438888	-0.11006759789725613	0.04460759157172964	0.022009685480752675
960.1	0.3431994160658227	-0.055309503420499416	-0.10899982623637529	0.04570554695207583	0.02280116700845582
980.1	0.3350417632378237	-0.0553358621344205	-0.10782263930488917	0.04673629690966718	0.023478585623798627
1000.1	0.3272242244428265	-0.05534757245862637	-0.10655359390740068	0.04770373464617644	0.02404181823143051
1020.1	0.31973358027435506	-0.05534749194416694	-0.10521180693115327	0.048610765018772394	0.024494132409870046
1040.1	0.3125467955074419	-0.05533873879354193	-0.10380926252131137	0.04946118605477191	0.024838113940390365
1060.1	0.30565256872738145	-0.05532360384352323	-0.10236010529791648	0.050258444752432234	0.02507905261115502
1080.1	0.29902950457720373	-0.05530316285174789	-0.1008718743549376	0.05100477034183951	0.02522042592562246
1100.1	0.2926720829583584	-0.05528023047238419	-0.09935665482945402	0.051704673817298166	0.025268655364030248
1120.1	0.2865565119395286	-0.05525358915870572	-0.09781778009898127	0.052358071924437775	0.02522757225776831
1140.1	0.2806820171570399	-0.05522713957639074	-0.0962655603631182	0.052970645065017266	0.025103361676972493
1160.1	0.27502538499100254	-0.05519835467293561	-0.09470140446565516	0.05354104716861961	0.024900532650832773
1180.1	0.2695799040896165	-0.055170216521774174	-0.09313081966782888	0.05407376031316359	0.0246237715192511
1200.1	0.2643310686632473	-0.05514192240962659	-0.09155608363330375	0.05456914812712495	0.024277653898794344
1220.1	0.2592650185310705	-0.05511290453941741	-0.08997891674622559	0.05502792100010201	0.023866467916556295
1240.1	0.2543741680099681	-0.055082161947320664	-0.088403613450622	0.055450520895675905	0.023396562014495623
1260.1	0.24963592980353277	-0.05504585665982821	-0.08682860560488088	0.0558347947088692	0.022872312106610768
1280.1	0.24504784547379915	-0.05500440663409625	-0.08525875155361541	0.05618258766826572	0.022299973428674666
1300.1	0.24059860903598007	-0.054957226346277775	-0.08369447336895798	0.0564944100061417	0.021683316412912424
1320.1	0.23628019507097336	-0.05490417998527065	-0.08213710756988321	0.05677128381710351	0.021026464988934804
1340.1	0.2320909449307557	-0.054846052487750936	-0.08059028623332734	0.05701534514314226	0.02033459739705857
1360.1	0.2280161183729779	-0.05478111215182952	-0.07905188757402072	0.057225610225087965	0.01961013359993326
1380.1	0.22405720182031472	-0.05471094442410489	-0.07752593035587328	0.05740505664316855	0.018857886427289302
1400.1	0.22020792443731496	-0.05463525882509644	-0.07601315341057023	0.05755441557385345	0.018081304214005965
1420.1	0.21646030829517363	-0.054553115063360386	-0.07451346567092552	0.057673634742575405	0.01728350891109648
1440.1	0.21281586303074973	-0.05446650631210043	-0.07302967937950926	0.05776591292974907	0.016467816513249342
1460.1	0.20926515520347808	-0.05437348738407666	-0.07156119939314362	0.05783024493385104	0.015637475960954935
1480.1	0.20580815556552012	-0.05427606631769608	-0.07010938097660621	0.057869525679530874	0.014794407830966569
1500.1	0.2024381770773296	-0.05417291859723535	-0.06867430572454815	0.057883501741920966	0.013941710683171885
1520.1	0.1991546802964552	-0.05406532948062304	-0.06725710099709441	0.057874260708800244	0.01308136316508673
1540.1	0.19595240179426257	-0.053953073538911135	-0.06585731368103392	0.05784235060249185	0.01221503137000482
1560.1	0.19283221731039854	-0.05383770896278842	-0.06447621684068772	0.05778996636363661	0.011344452093039989
1580.1	0.18979115872239166	-0.05371954908474651	-0.06311382264276494	0.057718076426803946	0.010471083243275893
1600.1	0.1868251769679214	-0.053598606945310136	-0.0617696290529436	0.05762728811771835	0.009596066306655118
1620.1	0.18393242388436593	-0.05347513293297262	-0.06044410290590909	0.057518578629736916	0.008721102034471897
1640.1	0.18111034764824552	-0.053349280363566974	-0.059137249874970634	0.057392729424409296	0.007847486198843595
1660.1	0.1783551387404793	-0.05322105316308861	-0.05784831804138287	0.057250204220708534	0.006975888167104886
1680.1	0.17566495688368577	-0.05309059135154584	-0.05657752271612691	0.05709176639656798	0.006107629395824647
1700.1	0.17303757484992757	-0.05295800613377468	-0.05532480031735586	0.05691810602937208	0.005243751236860802
1720.1	0.17047035139337952	-0.05282341434852538	-0.05408965538103209	0.05672971427404707	0.004384835218608893
1740.1	0.16796137772415543	-0.05268686053775527	-0.052872088804332855	0.05652717832308221	0.0035318967551671836
1760.1	0.16550851763880448	-0.05254853350259505	-0.051671757608346025	0.056311132149085064	0.002685473512506975
1780.1	0.16310992581384504	-0.05240851035032191	-0.05048845550551188	0.05608202333916622	0.0018462704659038616
1800.1	0.1607636800009155	-0.052266743202247064	-0.049322047248161686	0.055840272623378824	0.001015099349051703
1820.1	0.1584684006559383	-0.05212366343195443	-0.04817218653275133	0.05558662189935638	0.00019214214289597017
1840.1	0.15622232991951232	-0.05197924327872981	-0.04703867574612839	0.055321425396390816	-0.00062194519381824
1860.1	0.1540238667432922	-0.05183350601758892	-0.04592131542006596	0.05504507459202768	-0.0014266092206032864
1880.1	0.15187157972439466	-0.051686557448839904	-0.04481989042683701	0.054758023271833996	-0.0022214176413063364
1900.1	0.14976520801050608	-0.05153910272592324	-0.043734284172870945	0.05446124350597592	-0.0030063775389060575
1920.1	0.14770235619628042	-0.051390619674340186	-0.04266419712719153	0.05415459475646335	-0.0037806876982414547
1940.1	0.14568157830155098	-0.051241100187557814	-0.04160938187639187	0.053838374092997326	-0.00454395284237178
1960.1	0.14370242664474112	-0.05109100715805182	-0.040569719527391614	0.053513300550606664	-0.005296081583897208
1980.1	0.14176423452758558	-0.05094066138578267	-0.03954505940167998	0.05317995299136299	-0.006036924853583749
2000.1	0.13986443687508684	-0.05078940737910328	-0.03853499305473927	0.052838019143077244	-0.0067658052722405155
2020.1	0.13800197611655643	-0.05063732555818783	-0.03753930368433777	0.052487844391690415	-0.007482499124272396
2040.1	0.13617795955926473	-0.05048553906586622	-0.03655805735659746	0.05213067527854956	-0.008187373205104672
2060.1	0.13438929898134097	-0.05033307866524518	-0.035590765343141366	0.05176592618670743	-0.008879678241466876
2080.1	0.13263467985635136	-0.0501798332176721	-0.034637147212294314	0.051393715211400647	-0.00955915280619421
2100.1	0.13091448245488682	-0.050026503443920484	-0.033697162556478456	0.05101489319419797	-0.01022600072407329
2120.1	0.1292268228040921	-0.04987265834462249	-0.03277047398366401	0.05062933039268215	-0.010879837824307317
2140.1	0.1275714210852324	-0.049718645882749206	-0.03185693432794054	0.050237540104591104	-0.011520720449718946
2160.1	0.1259459919390521	-0.0495637798866031	-0.03095616219546818	0.04983913985507576	-0.01214812413999528
2180.1	0.12434954007324178	-0.04940804372648266	-0.03006789728522696	0.0494343204608394	-0.012761975462407935
2200.1	0.12278182687627867	-0.049251679242134874	-0.029192081565130108	0.04902352351826204	-0.013362233774935745
2220.1	0.12124209826385432	-0.04909467895035627	-0.028328562522808135	0.048606950127497446	-0.01394875779659502
2240.1	0.11972898569951484	-0.0489367564136773	-0.027477065209157867	0.04818453770351494	-0.014521313222693202
2260.1	0.11824176977408564	-0.04877797057167423	-0.02663736072520997	0.04775651023508583	-0.015079915932225942
2280.1	0.11678055788371824	-0.04861861272985712	-0.02580950160098233	0.047323345501282546	-0.015624516150425656
2300.1	0.11534474430536973	-0.0484587041016087	-0.024993347055206103	0.04688524779390151	-0.016155042486505147
2320.1	0.11393284441706779	-0.04829782495094751	-0.024188639425972974	0.04644203701031554	-0.01667120007035988
2340.1	0.11254517918234022	-0.048136475345240945	-0.023395311290200775	0.0459943074922461	-0.017173254172794625
2360.1	0.1111814120392492	-0.04797471373032993	-0.022613326737961674	0.04554230714912742	-0.01766109864559497
2380.1	0.10984039375116146	-0.04781224295465519	-0.021842487341835214	0.04508595740350581	-0.018134515977788743
2400.1	0.10852130590120232	-0.04764895096426917	-0.021082602909400172	0.04462532198501028	-0.01859343659428903
2420.1	0.1072243334487015	-0.047485161480650635	-0.02033366853611378	0.04416085572575073	-0.01903796785209302
2440.1	0.10594932610296964	-0.04732111701782204	-0.01959553142934762	0.04369289844915016	-0.019468302154529382
2460.1	0.10469511224614518	-0.04715649297260856	-0.0188679728064772	0.04322132765507912	-0.019884257890011553
2480.1	0.10346136311507986	-0.04699139035467567	-0.018150860251497588	0.04274637134600684	-0.020285915091103498
2500.1	0.10224707464803601	-0.04682550434944848	-0.017444056949823827	0.04226795179277783	-0.020673061375125666
2520.1	0.10105260541588591	-0.04665931561774016	-0.016747450942345497	0.041786579492769114	-0.021046064039319544
2540.1	0.09987760128936621	-0.04649291781927702	-0.016060875096251332	0.04130245015644858	-0.021405053532692418
2560.1	0.09872074140061184	-0.04632588034470119	-0.015384092686601451	0.04081534178867888	-0.021749836893597517
2580.1	0.09758147832776581	-0.0461581619942252	-0.01471694574766716	0.040325347106877976	-0.022080452354927258
2600.1	0.09645854971606367	-0.04598928288723785	-0.014059296194697883	0.03983225951105379	-0.022396619172765756
2620.1	0.09535311674643455	-0.04582013284257569	-0.013411064169065125	0.0393368588582818	-0.022698996434490866
2640.1	0.09426338347188254	-0.04565000835758167	-0.012771973514560527	0.03883869209092597	-0.022987252451729848
2660.1	0.09318955122562872	-0.04547922770702694	-0.01214194411661119	0.03833813321913965	-0.023261655989561248
2680.1	0.09213131485069985	-0.045307842094758695	-0.011520843217049805	0.03783532458477232	-0.023522314255441486
2700.1	0.09108613326027759	-0.04513467192159734	-0.010908436922578762	0.03732950710522336	-0.023768562064955177
2720.1	0.09005385831119071	-0.04495985496049653	-0.010304586813547371	0.03682087294490683	-0.024000583867334956
2740.1	0.08903573480476097	-0.04478425428119202	-0.009709268454545462	0.03631017786165464	-0.02421899778458235
2760.1	0.08803162149938969	-0.04460797877490166	-0.009122377075258434	0.035797606331042967	-0.024423953591427083
2780.1	0.08703966702432207	-0.04443021407488912	-0.008543700680774832	0.03528263920723549	-0.024615031226183703
2800.1	0.08605783449347826	-0.04425000797273415	-0.007973076161905526	0.03476471289113631	-0.024791720012191275
2820.1	0.0850859266738657	-0.04406740234927214	-0.007410432825833852	0.03424397983189314	-0.02495411707980007
2840.1	0.08412448484553411	-0.04388290366301356	-0.006855635513087885	0.03372084772637834	-0.025102658997544193
2860.1	0.08317624601316341	-0.04369811945293688	-0.006308790672262462	0.03319662026255514	-0.025238387001508947
2880.1	0.08223831403773371	-0.04351160725198243	-0.005769701077027633	0.03267036134626889	-0.025360480947738087
2900.1	0.08130810583837594	-0.04332207204407724	-0.005238226573981535	0.03214129372950706	-0.025468228729741662
2920.1	0.08038677300181483	-0.043130278077076235	-0.004714349893037103	0.03161005870990021	-0.025562174556797063
2940.1	0.07947500788785032	-0.042936729942618046	-0.004198043596914921	0.03107711902194536	-0.0256427034404481
2960.1	0.0785736244835863	-0.04274201786787102	-0.0036892531580081226	0.03054297239052659	-0.02571027450117258
2980.1	0.07768227465816234	-0.04254603950601812	-0.003187963937479315	0.030007704300623824	-0.02576490230970407
3000.1	0.07679898040811974	-0.04234787161911577	-0.0026939682974724093	0.02947069669389321	-0.025806130633327682
3020.1	0.0759245039777588	-0.0421480210600659	-0.0022072824310866573	0.028932437199801483	-0.025834335561362935
3040.1	0.07505726594949785	-0.041945653527087	-0.0017279224142037414	0.028392558459684077	-0.025849064846202773
3060.1	0.07419796592216657	-0.04174129977820909	-0.0012558026103720514	0.027851477419335056	-0.025850755074192974
3080.1	0.07334808276882773	-0.041535954962026306	-0.0007908045136756001	0.027309878436491533	-0.025840147253889716
3100.1	0.07250823591290917	-0.04133008288481654	-0.0003328706863773822	0.02676815668393006	-0.025817634480073674
3120.1	0.07167673895804778	-0.041122842700437645	0.00011806123083200602	0.02622583332852017	-0.025782791461979784
3140.1	0.07085212410861645	-0.040913440092870734	0.0005620380161761176	0.02568257462486674	-0.02573519298430404
3160.1	0.07003515152667017	-0.04070239912790304	0.0009990056143182352	0.025138834761302565	-0.025675275588784345
3180.1	0.06922781855056705	-0.04049099482048269	0.0014290984382390555	0.024595478348551275	-0.02560396361813283
3200.1	0.06843140491171641	-0.040280109880168835	0.001852459229895325	0.02405307849313768	-0.02552193655069382
3220.1	0.06764374366473086	-0.04006852596055075	0.0022690181586298057	0.023511057535908177	-0.025428518268025446
3240.1	0.06686325842580865	-0.03985545070984482	0.0026788613979037957	0.022968956337934512	-0.02532331778005114
3260.1	0.06609010318489636	-0.03964100897740384	0.0030819437828909194	0.02242703904563728	-0.025206522864238752
3280.1	0.06532848748814044	-0.03942784849888161	0.0034785666820906936	0.02188685443224941	-0.02507995523377736
3300.1	0.06457751117257414	-0.03921547203408655	0.0038686595966129387	0.021348287064812666	-0.024943409822113356
3320.1	0.06383660317224996	-0.0390036447996982	0.004252282705276402	0.020811261826558267	-0.02479686393501223
3340.1	0.06310583675575475	-0.03879256576114159	0.0046296127067673954	0.020275863561380395	-0.02464057597428101
3360.1	0.062383768967340346	-0.038581464294676966	0.005000655948949849	0.019741714047454298	-0.02447416892970276
3380.1	0.06166991426395749	-0.03837008425440196	0.005365355754036833	0.019208836269700803	-0.024297604381576236
3400.1	0.060966242144415046	-0.03815971543380178	0.0057238978903965815	0.018678011478503398	-0.024111850326059572
3420.1	0.06027121641884173	-0.037949532489646685	0.0060762901175364075	0.018148826578823125	-0.023916512842306777
3440.1	0.059584703267368845	-0.037739541976637314	0.006422590652284388	0.01762135327662091	-0.02371173023345922
3460.1	0.05890656408562186	-0.03752974542610099	0.006762855769737715	0.01709566056959802	-0.02349763924571154
3480.1	0.05823717362053849	-0.03732050162197496	0.007097261474465087	0.016571912521982084	-0.023274583715891802
3500.1	0.05757796355547316	-0.03711272688720519	0.007425886439034037	0.01605075527037099	-0.023043307918926014
3520.1	0.056924209528589856	-0.036903563594398996	0.007748386163120991	0.015530818042966656	-0.022802133564473595
3540.1	0.05627736058165099	-0.03669401445694832	0.008064986008301902	0.015012637656793412	-0.022551842553966975
3560.1	0.05563790984186248	-0.03648445827267382	0.008375777986257512	0.014496484173803637	-0.022292821439448298
3580.1	0.05500633236691763	-0.03627530226781916	0.008680931486508907	0.013982552494209185	-0.022025451007445136
3600.1	0.054381984113784844	-0.03606617473684159	0.008980359723381896	0.013470823921452012	-0.021749673291603808
3620.1	0.053765115170845514	-0.03585731165132233	0.009274153661778712	0.012961474422869428	-0.02146579109280575
3640.1	0.05315526205438938	-0.03564847026808674	0.00956228072156855	0.012454498849875787	-0.02117380739877441
3660.1	0.05255105232276754	-0.0354388329785047	0.009844612124808506	0.011949624306066964	-0.02087337453441761
3680.1	0.05195341851882846	-0.03522907473634839	0.010121328970372077	0.011447213335344927	-0.020565078581025405
3700.1	0.051362020175016225	-0.0350190241971137	0.010392400656458151	0.010947310923240132	-0.020248994031354696
3720.1	0.05077651854852744	-0.034808508911668305	0.010657793511478995	0.010449965352493701	-0.01992520087934228
3740.1	0.0501958222617225	-0.03459686201868219	0.01091736169165917	0.009955023463245009	-0.01959347341289311
3760.1	0.049618988763762785	-0.03438348894422471	0.011170933890488571	0.00946241078481989	-0.01925364684428033
3780.1	0.04904894441782673	-0.03417034342988323	0.011418931020984395	0.008973084274331902	-0.018907178103933275
3800.1	0.04848412134564023	-0.03395648258093609	0.011661216654318159	0.008486678407166496	-0.018553625144228467
3820.1	0.047924309864822906	-0.03374181233779117	0.011897770281812185	0.008003277423408957	-0.018193136094552375
3840.1	0.047369295736001245	-0.0335262326280534	0.012128565669007541	0.007522968784979489	-0.01782586194784435
3860.1	0.046817696164431294	-0.0333088041619581	0.012353252571483855	0.007045680926146498	-0.017451530284622617
3880.1	0.046268185440963325	-0.033088655426370905	0.012571556690187693	0.00657128021590073	-0.017069853966919377
3900.1	0.04572242438858633	-0.032866993193534415	0.01278389194855784	0.006100193911016821	-0.016681719717384632
3920.1	0.04518297767729243	-0.032645616117933436	0.012990800107365186	0.005633110702220288	-0.01628842245478565
3940.1	0.044647662821409695	-0.032423063296859254	0.013191827255172955	0.005169715931171335	-0.015889342211444397
3960.1	0.044116284344016855	-0.032199262123897544	0.013386990668799285	0.0047100507122660755	-0.015484627503152135
3980.1	0.043588256023877184	-0.031973810684029345	0.013576092903949157	0.004254225870587097	-0.015074359221760562
4000.1	0.04306276060163365	-0.031746128557902466	0.013758845818839483	0.003802350761691423	-0.014658553920089157
4020.1	0.04254167144503687	-0.03151765683653056	0.013935906815287937	0.0033546690418101424	-0.014238081116470755
4040.1	0.04202334583362669	-0.03128722293530776	0.014106761199627954	0.0029111756390062787	-0.013812664807277929
4060.1	0.04150936668215629	-0.031055970059620144	0.014271787472990701	0.002472312852891146	-0.013383231403411706
4080.1	0.040998064810886865	-0.03082273717783178	0.014430534409150656	0.0020379851108768532	-0.012949444448639685
4100.1	0.04049045318527878	-0.030588333249063515	0.014583393229789514	0.0016083481247787035	-0.012511887495307747
4120.1	0.039986029368439	-0.030352411858192287	0.01473018542427366	0.0011835289700548686	-0.01207070638495439
4140.1	0.03948245217098014	-0.030113201707166918	0.014869989277933381	0.0007636832379419551	-0.011625558233493996
4160.1	0.038979727330517515	-0.029870699311531988	0.0150027170386002	0.0003490747574158323	-0.011176842304335754
4180.1	0.03847859312397145	-0.029625480811848407	0.01512860405239835	-0.000060074072366769316	-0.010725144454582872
4200.1	0.03797752395245569	-0.029376423473903786	0.015247097291081984	-0.0004636649361337987	-0.010270330956080022
4220.1	0.03747697901109787	-0.029123873241866747	0.015358289453972532	-0.0008614352177849302	-0.009812944860379971
4240.1	0.03697839544758947	-0.02886894018019111	0.015462681729658664	-0.001253147803309047	-0.009353801095918017
4260.1	0.036480351588828536	-0.028610523683896178	0.015559629964257003	-0.001638533856122552	-0.008892943497401646
4280.1	0.03598204998404913	-0.02834801493104507	0.01564876214835093	-0.0020173601260657517	-0.00843056694295568
4300.1	0.03548291943516151	-0.028080961656771306	0.015729753912418494	-0.0023893372450576535	-0.007966984792139697
4320.1	0.03498142631275098	-0.027808152256464207	0.015801860644449585	-0.0027541200482308252	-0.007502290381771887
4340.1	0.03447787168231241	-0.027529788673936646	0.015865056690709364	-0.003111348781599131	-0.0070371358208170705
4360.1	0.03397226175801855	-0.02724584991668874	0.01591921191591344	-0.0034606814814890766	-0.006572074062866328
4380.1	0.033465483296618734	-0.026957035975877435	0.015964644485382977	-0.003801913874794123	-0.00610779111534972
4400.1	0.03295896858521437	-0.02666448721072315	0.01600193296933143	-0.004134896395861883	-0.005645098683281261
4420.1	0.032452225207780884	-0.026367811689388152	0.016030783321835572	-0.004459327569047279	-0.005184392852830535
4440.1	0.03194377073303488	-0.026065803479673265	0.016050389603466875	-0.004774736814383886	-0.004725949952872334
4460.1	0.03143326261315065	-0.02575816513328671	0.01606046438539579	-0.005080740921699603	-0.004270312373593031
4480.1	0.03091914269865032	-0.025443636421349586	0.0160601856877655	-0.005376895731749573	-0.00381770439852466
4500.1	0.030401409457094266	-0.02512213324929036	0.016049275586125518	-0.005662625151926619	-0.0033689937835477443
4520.1	0.02988159360212476	-0.024794894420710627	0.016028405475422364	-0.0059378422350471515	-0.0029250157033631524
4540.1	0.029359622731837714	-0.024461838773623974	0.015997412278706102	-0.006202176893716832	-0.002486420338637404
4560.1	0.02883542819237227	-0.02412288633226528	0.01595612978726359	-0.006455249296706032	-0.002053879891360921
4580.1	0.02831109480018988	-0.02377976147130547	0.015905591205669523	-0.006697173726709588	-0.0016282101649200329
4600.1	0.02778533631003824	-0.023431403064744796	0.015845052271283435	-0.006927442242880002	-0.0012098482920834676
4620.1	0.027256786504728774	-0.023076631620630703	0.01577359097847176	-0.007145314665528783	-0.0007994914439453016
4640.1	0.02672391521309707	-0.022714029066273	0.015689914524682293	-0.007349517467998422	-0.00039835253942459357
4660.1	0.026185195054019485	-0.02234204784610262	0.015592382803265878	-0.007538200607757802	-9.982063969677866e-6
4680.1	0.02563755595602718	-0.021957479098126308	0.015477473849479294	-0.007707339134506726	0.00036476188967781825
4700.1	0.02508716972365457	-0.021566358636478294	0.015350913273912586	-0.007862152778172744	0.0007261543181365478
4720.1	0.024534748125092463	-0.021169390129496205	0.015213326179108921	-0.008001060370765178	0.001072864287235227
4740.1	0.023970801005481483	-0.020756962271459074	0.015054807184462234	-0.008119619917697041	0.0014047673551017728
4760.1	0.023408091712230236	-0.020341728281494293	0.014887749298037725	-0.008223806775802369	0.0017216964727907358
4780.1	0.022845272688430698	-0.019922535139125168	0.014711278058034582	-0.008313859901602775	0.002022715476088888
4800.1	0.0222821553864374	-0.019499193582470643	0.014518373657899526	-0.008386095713143013	0.0023091195994466578
4820.1	0.021704069250695575	-0.019057014251484986	0.014314544698892108	-0.00844168882317397	0.0025788791731628474
4840.1	0.021126569605145848	-0.018611613565894018	0.01409515006608238	-0.008477810519669128	0.002829328790724422
4860.1	0.020549260612604415	-0.018162682883255735	0.013866742157749955	-0.008500739043579529	0.0030690504289719056
4880.1	0.01997377379475967	-0.017711665039518838	0.013630366347606948	-0.008509177407551872	0.0032885821924170636
4900.1	0.019396529185337633	-0.017255001203724748	0.013378714313588084	-0.008500280761026437	0.0034915795104722637
4920.1	0.018810752902995817	-0.016785688585915795	0.013115477339570853	-0.008473524447354315	0.0036782352193817543
4940.1	0.0182299760848716	-0.016317404870649106	0.01284335852296395	-0.00843173765877773	0.003845574147386917
4960.1	0.017653543486588305	-0.015849590004916387	0.012567942776127211	-0.008381273199948042	0.003997690251961541
4980.1	0.017078166129726614	-0.0153791062740513	0.012279401657331981	-0.008311989516990267	0.004131816856906105
5000.1	0.016501741051051514	-0.014903679894546393	0.011981999239394652	-0.008228024074116692	0.004248335981293096
5020.1	0.015928206517743262	-0.014427258228235403	0.011677339448415707	-0.00812950707550989	0.004347147341027376
5040.1	0.015350216826107451	-0.013942796401962734	0.011358868781892153	-0.008013825089391628	0.004425116971034696
5060.1	0.014779861210552282	-0.01346211310534543	0.011041713366710448	-0.007891790072980194	0.004492829591658038
5080.1	0.014219089058812391	-0.012987210356544472	0.010716351153425124	-0.00775515033357133	0.004541698420793343
5100.1	0.013655093482599181	-0.012505474413649631	0.01038203551382608	-0.007603245288674925	0.004570988147834178
5120.1	0.013096597448658678	-0.012025603881462656	0.010043514498656338	-0.007440652696168719	0.004584924186478496
5140.1	0.012543535086471267	-0.011547544493113116	0.0097007064219612	-0.0072671490584055596	0.004582560957754319
5160.1	0.011992769439518398	-0.011068163523055593	0.009350428679267487	-0.007079357989969677	0.004561327540936332
5180.1	0.011453818682302074	-0.01059714752340825	0.009002387403424565	-0.006886312440158381	0.004529510208198907
5200.1	0.010915333133515864	-0.010123279253142046	0.008646331678192048	-0.00668079285125155	0.004479483074646604
5220.1	0.01038529657632967	-0.009654401549129834	0.008289023659662243	-0.006466158704223528	0.004414656909759871
5240.1	0.009860628461529285	-0.009187598896193352	0.007928071881673581	-0.006241245934412931	0.004333759070160996
5260.1	0.009347709750904973	-0.008729301575083588	0.007569954100141286	-0.006012494873392235	0.004243024685702505
5280.1	0.008847017109152143	-0.008278107799044997	0.007213265998915046	-0.005778411726067053	0.00414072201564437
5300.1	0.008345857586261484	-0.00782725916392157	0.006851667383799334	-0.0055331406502652555	0.004021421747097945
5320.1	0.007860214804435623	-0.007386892833486773	0.006494963342691105	-0.005287297668710665	0.0038949222627510556
5340.1	0.007385124670174425	-0.006954195598697418	0.006140787131087961	-0.005034974870056632	0.003755898410653716
5360.1	0.006920184390042326	-0.006528831797997994	0.005788896121069659	-0.004780056791551122	0.0036080911077571343
5380.1	0.006468167874727764	-0.00611363066786165	0.00544219158327881	-0.004524109263746926	0.0034529961219237552
5400.1	0.0060334809753349716	-0.005713123986570832	0.005105416469529285	-0.004272101925523055	0.0032957465535012444
5420.1	0.005617816162325465	-0.00532914917816227	0.004780658242431858	-0.004026408464662042	0.003138959362522421
5440.1	0.0052207791613556424	-0.004961434116339286	0.004467852701126362	-0.0037871956209479885	0.0029829834409514167
5460.1	0.004840249274105188	-0.004607947939978557	0.0041658469348930536	-0.003553459514161554	0.002826903635592268
5480.1	0.004479600621287886	-0.004272222703243099	0.0038762629469619066	-0.0033271678050742666	0.0026730201330527506
5500.1	0.004135788565477286	-0.003951238914718661	0.0035982987813031847	-0.003107502937703455	0.002520417710618937
5520.1	0.0038092105240899463	-0.003645599286876596	0.0033322007238319293	-0.002895188976670587	0.00237031915816287
5540.1	0.0034984070662995048	-0.0033539225069449453	0.0030767196945195624	-0.002689121179164281	0.0022217267779219246
5560.1	0.003204375926209074	-0.0030773086718497667	0.0028331350330744716	-0.0024907897430008646	0.0020763183660296764
5580.1	0.0029315483197255945	-0.0028202487398410955	0.0026024683866818095	-0.0023013966355898367	0.001935451311638937
5600.1	0.0026647088374281407	-0.0025677314300587466	0.002380790564980207	-0.0021172716221763144	0.0017957132323856142
5620.1	0.0024183373011570915	-0.0023342442613803584	0.0021718865199925777	-0.0019424085740632018	0.0016614881032482893
5640.1	0.0021869990940489234	-0.002114477093667525	0.001974241372545354	-0.0017755038358430815	0.0015311094323804343
5660.1	0.001969840925226858	-0.001907663378150167	0.0017872444858974142	-0.0016161399914413532	0.0014049208432786006
5680.1	0.0017705511776917207	-0.0017175780883253045	0.0016148269518032519	-0.00146844262300317	0.0012870507385468253
5700.1	0.0015769645912080848	-0.0015321506395879867	0.0014454717119708992	-0.0013211220806553855	0.0011664553596939652
5720.1	0.0014012753930223094	-0.001363651371627752	0.0012904495794526264	-0.0011856934688802365	0.001054812342734587
5740.1	0.0012382621827443502	-0.001206929797292961	0.0011458766507682426	-0.0010582201081811493	0.0009483794434742963
5760.1	0.0010870992774259553	-0.0010612508451745026	0.0010108076793090529	-0.000938199397848835	0.0008468814882225866
5780.1	0.0009485895129382882	-0.000927481384448534	0.0008862272710154157	-0.0008266952800585083	0.0007515508710288252
5800.1	0.000821778689034024	-0.0008047367349901614	0.0007713800892487863	-0.0007231234564905625	0.0006619918363972199
5820.1	0.0007055046174311141	-0.0006919201846608281	0.0006652917746739862	-0.0006266726664117714	0.000577575314398694
5840.1	0.0005996678975922109	-0.0005889981603866044	0.0005680525267548739	-0.0005375999645905799	0.0004987481598820843
5860.1	0.0005043026168864691	-0.0004960623571511805	0.0004798624674229047	-0.0004562518826191153	0.00042602381411221046
5880.1	0.0004186076570505803	-0.00041236694727760646	0.0004000803502071871	-0.00038212965298337585	0.00035906825542225706
5900.1	0.00034229659712345454	-0.0003376781543619184	0.00032857243699031054	-0.00031523695895486174	0.00029804613889350336
5920.1	0.0002747898636938227	-0.0002714639713587097	0.00026489733788194643	-0.00025525743766843334	0.0002427885203468042
5940.1	0.0002158445521619848	-0.00021352805743965727	0.00020894794693251915	-0.00020220840929640116	0.00019346185806315568
5960.1	0.000164922275918523	-0.0001633740109131757	0.00016030856318546442	-0.00015578728424545167	0.00014990019322539156
5980.1	0.0001217785937402951	-0.0001207967897590763	0.00011885021515532883	-0.00011597255065926927	0.00011221336248977713
6000.1	0.00008579604971331698	-0.00008521521207126877	0.0000840620462592258	-0.00008235340797011809	0.0000801141762337578
6020.1	0.00005672271390381055	-0.00005641054873002856	0.00005578995856369981	-0.00005486836492532962	0.00005365675406192249
6040.1	0.000034147141256883594	-0.00003400159219636153	0.00003371185428784132	-0.00003328063121647449	0.000032711936899089396
6060.1	0.000017671210660177013	-0.00001761741444451785	0.00001751018483914116	-0.000017350244262604163	0.000017329545847082723
6080.1	6.7082232081903655e-6	-6.695585639773749e-6	6.670363405946427e-6	-6.632662019231959e-6	6.5826390166027965e-6
6100.1	1.0608220438243948e-6	-1.0600301381311703e-6	1.0584476507425001e-6	-1.0560772267098527e-6	1.052922826271806e-6
6120.1	0.	0.	0.	0.	0.
6140.1	0.	0.	0.	0.	0.
6160.1	0.	0.	0.	0.	0.
6180.1	0.	0.	0.	0.	0.
6200.1	0.	0.	0.	0.	0.
6220.1	0.	0.	0.	0.	0.
6240.1	0.	0.	0.	0.	0.
6260.1	0.	0.	0.	0.	0.
6280.1	0.	0.	0.	0.	0.
6300.1	0.	0.	0.	0.	0.
6320.1	0.	0.	0.	0.	0.
6340.1	0.	0.	0.	0.	0.
6360.1	0.	0.	0.	0.	0.
6380.1	0.	0.	0.	0.	0.
6400.1	0.	0.	0.	0.	0.
6420.1	0.	0.	0.	0.	0.
6440.1	0.	0.	0.	0.	0.
6460.1	0.	0.	0.	0.	0.
6480.1	0.	0.	0.	0.	0.
6500.1	0.	0.	0.	0.	0.
6520.1	0.	0.	0.	0.	0.
6540.1	0.	0.	0.	0.	0.
6560.1	0.	0.	0.	0.	0.
6580.1	0.	0.	0.	0.	0.
6600.1	0.	0.	0.	0.	0.
6620.1	0.	0.	0.	0.	0.
6640.1	0.	0.	0.	0.	0.
6660.1	0.	0.	0.	0.	0.
6680.1	0.	0.	0.	0.	0.
6700.1	0.	0.	0.	0.	0.
6720.1	0.	0.	0.	0.	0.
6740.1	0.	0.	0.	0.	0.
6760.1	0.	0.	0.	0.	0.
6780.1	0.	0.	0.	0.	0.
6800.1	0.	0.	0.	0.	0.
6820.1	0.	0.	0.	0.	0.
6840.1	0.	0.	0.	0.	0.
6860.1	0.	0.	0.	0.	0.
6880.1	0.	0.	0.	0.	0.
6900.1	0.	0.	0.	0.	0.
6920.1	0.	0.	0.	0.	0.
6940.1	0.	0.	0.	0.	0.
6960.1	0.	0.	0.	0.	0.
6980.1	0.	0.	0.	0.	0.
7000.1	0.	0.	0.	0.	0.
7020.1	0.	0.	0.	0.	0.
7040.1	0.	0.	0.	0.	0.
7060.1	0.	0.	0.	0.	0.
7080.1	0.	0.	0.	0.	0.
7100.1	0.	0.	0.	0.	0.
7120.1	0.	0.	0.	0.	0.
7140.1	0.	0.	0.	0.	0.
7160.1	0.	0.	0.	0.	0.
7180.1	0.	0.	0.	0.	0.
7200.1	0.	0.	0.	0.	0.
7220.1	0.	0.	0.	0.	0.
7240.1	0.	0.	0.	0.	0.
7260.1	0.	0.	0.	0.	0.
7280.1	0.	0.	0.	0.	0.
7300.1	0.	0.	0.	0.	0.
7320.1	0.	0.	0.	0.	0.
7340.1	0.	0.	0.	0.	0.
7360.1	0.	0.	0.	0.	0.
7380.1	0.	0.	0.	0.	0.
7400.1	0.	0.	0.	0.	0.
7420.1	0.	0.	0.	0.	0.
7440.1	0.	0.	0.	0.	0.
7460.1	0.	0.	0.	0.	0.
7480.1	0.	0.	0.	0.	0.
7500.1	0.	0.	0.	0.	0.
7520.1	0.	0.	0.	0.	0.
7540.1	0.	0.	0.	0.	0.
7560.1	0.	0.	0.	0.	0.
7580.1	0.	0.	0.	0.	0.
7600.1	0.	0.	0.	0.	0.
7620.1	0.	0.	0.	0.	0.
7640.1	0.	0.	0.	0.	0.
7660.1	0.	0.	0.	0.	0.
7680.1	0.	0.	0.	0.	0.
7700.1	0.	0.	0.	0.	0.
7720.1	0.	0.	0.	0.	0.
7740.1	0.	0.	0.	0.	0.
7760.1	0.	0.	0.	0.	0.
7780.1	0.	0.	0.	0.	0.
7800.1	0.	0.	0.	0.	0.
7820.1	0.	0.	0.	0.	0.
7840.1	0.	0.	0.	0.	0.
7860.1	0.	0.	0.	0.	0.
7880.1	0.	0.	0.	0.	0.
7900.1	0.	0.	0.	0.	0.
7920.1	0.	0.	0.	0.	0.
7940.1	0.	0.	0.	0.	0.
7960.1	0.	0.	0.	0.	0.
7980.1	0.	0.	0.	0.	0.
8000.1	0.	0.	0.	0.	0.
8020.1	0.	0.	0.	0.	0.
8040.1	0.	0.	0.	0.	0.
8060.1	0.	0.	0.	0.	0.
8080.1	0.	0.	0.	0.	0.
8100.1	0.	0.	0.	0.	0.
8120.1	0.	0.	0.	0.	0.
8140.1	0.	0.	0.	0.	0.
8160.1	0.	0.	0.	0.	0.
8180.1	0.	0.	0.	0.	0.
8200.1	0.	0.	0.	0.	0.
8220.1	0.	0.	0.	0.	0.
8240.1	0.	0.	0.	0.	0.
8260.1	0.	0.	0.	0.	0.
8280.1	0.	0.	0.	0.	0.
8300.1	0.	0.	0.	0.	0.
8320.1	0.	0.	0.	0.	0.
8340.1	0.	0.	0.	0.	0.
8360.1	0.	0.	0.	0.	0.
8380.1	0.	0.	0.	0.	0.
8400.1	0.	0.	0.	0.	0.
8420.1	0.	0.	0.	0.	0.
8440.1	0.	0.	0.	0.	0.
8460.1	0.	0.	0.	0.	0.
8480.1	0.	0.	0.	0.	0.
8500.1	0.	0.	0.	0.	0.
8520.1	0.	0.	0.	0.	0.
8540.1	0.	0.	0.	0.	0.
8560.1	0.	0.	0.	0.	0.
8580.1	0.	0.	0.	0.	0.
8600.1	0.	0.	0.	0.	0.
8620.1	0.	0.	0.	0.	0.
8640.1	0.	0.	0.	0.	0.
8660.1	0.	0.	0.	0.	0.
8680.1	0.	0.	0.	0.	0.
8700.1	0.	0.	0.	0.	0.
8720.1	0.	0.	0.	0.	0.
8740.1	0.	0.	0.	0.	0.
8760.1	0.	0.	0.	0.	0.
8780.1	0.	0.	0.	0.	0.
8800.1	0.	0.	0.	0.	0.
8820.1	0.	0.	0.	0.	0.
8840.1	0.	0.	0.	0.	0.
8860.1	0.	0.	0.	0.	0.
8880.1	0.	0.	0.	0.	0.
8900.1	0.	0.	0.	0.	0.
8920.1	0.	0.	0.	0.	0.
8940.1	0.	0.	0.	0.	0.
8960.1	0.	0.	0.	0.	0.
8980.1	0.	0.	0.	0.	0.
9000.1	0.	0.	0.	0.	0.
9020.1	0.	0.	0.	0.	0.
9040.1	0.	0.	0.	0.	0.
9060.1	0.	0.	0.	0.	0.
9080.1	0.	0.	0.	0.	0.
9100.1	0.	0.	0.	0.	0.
9120.1	0.	0.	0.	0.	0.
9140.1	0.	0.	0.	0.	0.
9160.1	0.	0.	0.	0.	0.
9180.1	0.	0.	0.	0.	0.
9200.1	0.	0.	0.	0.	0.
9220.1	0.	0.	0.	0.	0.
9240.1	0.	0.	0.	0.	0.
9260.1	0.	0.	0.	0.	0.
9280.1	0.	0.	0.	0.	0.
9300.1	0.	0.	0.	0.	0.
9320.1	0.	0.	0.	0.	0.
9340.1	0.	0.	0.	0.	0.
9360.1	0.	0.	0.	0.	0.
9380.1	0.	0.	0.	0.	0.
9400.1	0.	0.	0.	0.	0.
9420.1	0.	0.	0.	0.	0.
9440.1	0.	0.	0.	0.	0.
9460.1	0.	0.	0.	0.	0.
9480.1	0.	0.	0.	0.	0.
9500.1	0.	0.	0.	0.	0.
9520.1	0.	0.	0.	0.	0.
9540.1	0.	0.	0.	0.	0.
9560.1	0.	0.	0.	0.	0.
9580.1	0.	0.	0.	0.	0.
9600.1	0.	0.	0.	0.	0.
9620.1	0.	0.	0.	0.	0.
9640.1	0.	0.	0.	0.	0.
9660.1	0.	0.	0.	0.	0.
9680.1	0.	0.	0.	0.	0.
9700.1	0.	0.	0.	0.	0.
9720.1	0.	0.	0.	0.	0.
9740.1	0.	0.	0.	0.	0.
9760.1	0.	0.	0.	0.	0.
9780.1	0.	0.	0.	0.	0.
9800.1	0.	0.	0.	0.	0.
9820.1	0.	0.	0.	0.	0.
9840.1	0.	0.	0.	0.	0.
9860.1	0.	0.	0.	0.	0.
9880.1	0.	0.	0.	0.	0.
9900.1	0.	0.	0.	0.	0.
9920.1	0.	0.	0.	0.	0.
9940.1	0.	0.	0.	0.	0.
9960.1	0.	0.	0.	0.	0.
9980.1	0.	0.	0.	0.	0.