# Matter power spectrum P(k) at redshift z=0
# for k=2.05615e-07 to 20.2282 h/Mpc,
# number of wavenumbers equal to 421
#    1:k (h/Mpc)              2:P (Mpc/h)^3        
       2.056154633223e-07       1.146658889653e+00 
       2.153058215655e-07       1.198489524041e+00 
       2.254528723228e-07       1.252662977581e+00 
       2.360781388492e-07       1.309285149531e+00 
       2.472041587598e-07       1.368466725284e+00 
       2.588545318342e-07       1.430323393455e+00 
       2.710539700760e-07       1.494976072366e+00 
       2.838283501291e-07       1.562551145407e+00 
       2.972047681664e-07       1.633180709128e+00 
       3.112115973638e-07       1.707002830960e+00 
       3.258785480842e-07       1.784161819063e+00 
       3.412367308964e-07       1.864808504615e+00 
       3.573187225651e-07       1.949100536535e+00 
       3.741586351510e-07       2.037202689706e+00 
       3.917921883664e-07       2.129287187093e+00 
       4.102567853418e-07       2.225534036388e+00 
       4.295915919630e-07       2.326131381883e+00 
       4.498376199471e-07       2.431275872263e+00 
       4.710378138339e-07       2.541173045011e+00 
       4.932371420769e-07       2.656037728197e+00 
       5.164826924278e-07       2.776094460427e+00 
       5.408237718153e-07       2.901577929505e+00 
       5.663120109324e-07       3.032733432082e+00 
       5.930014737514e-07       3.169817352079e+00 
       6.209487722014e-07       3.313097662570e+00 
       6.502131862492e-07       3.462854449275e+00 
       6.808567896407e-07       3.619380457950e+00 
       7.129445815670e-07       3.782981667381e+00 
       7.465446245370e-07       3.953977886607e+00 
       7.817281887467e-07       4.132703380632e+00 
       8.185699032528e-07       4.319507524332e+00 
       8.571479142712e-07       4.514755482979e+00 
       8.975440509357e-07       4.718828930338e+00 
       9.398439988680e-07       4.932126790327e+00 
       9.841374819290e-07       5.155066019471e+00 
       1.030518452535e-06       5.388082421506e+00 
       1.079085290942e-06       5.631631498913e+00 
       1.129941013928e-06       5.886189343646e+00 
       1.183193493297e-06       6.152253567446e+00 
       1.238955684700e-06       6.430344274862e+00 
       1.297345867219e-06       6.721005080045e+00 
       1.358487894261e-06       7.024804168857e+00 
       1.422511456262e-06       7.342335410414e+00 
       1.489552355781e-06       7.674219516447e+00 
       1.559752795555e-06       8.021105257086e+00 
       1.633261680128e-06       8.383670726681e+00 
       1.710234931700e-06       8.762624671331e+00 
       1.790835820857e-06       9.158707872262e+00 
       1.875235312891e-06       9.572694594456e+00 
       1.963612430441e-06       1.000539410317e+01 
       2.056154633223e-06       1.045765224012e+01 
       2.153058215655e-06       1.093035308262e+01 
       2.254528723228e-06       1.142442066869e+01 
       2.360781388492e-06       1.194082080244e+01 
       2.472041587598e-06       1.248056294478e+01 
       2.588545318342e-06       1.304470218528e+01 
       2.710539700760e-06       1.363434130440e+01 
       2.838283501291e-06       1.425063292923e+01 
       2.972047681664e-06       1.489478178658e+01 
       3.112115973639e-06       1.556804705796e+01 
       3.258785480842e-06       1.627174484110e+01 
       3.412367308964e-06       1.700725072192e+01 
       3.573187225651e-06       1.777600246444e+01 
       3.741586351510e-06       1.857950281978e+01 
       3.917921883664e-06       1.941932246525e+01 
       4.102567853418e-06       2.029710307220e+01 
       4.295915919630e-06       2.121456051712e+01 
       4.498376199471e-06       2.217348823453e+01 
       4.710378138339e-06       2.317576071999e+01 
       4.932371420769e-06       2.422333719926e+01 
       5.164826924278e-06       2.531826545462e+01 
       5.408237718153e-06       2.646268582602e+01 
       5.663120109324e-06       2.765883539667e+01 
       5.930014737514e-06       2.890905236298e+01 
       6.209487722014e-06       3.021578060796e+01 
       6.502131862492e-06       3.158157447383e+01 
       6.808567896407e-06       3.300910375622e+01 
       7.129445815670e-06       3.450115892602e+01 
       7.465446245370e-06       3.606065656949e+01 
       7.817281887467e-06       3.769064509968e+01 
       8.185699032528e-06       3.939431071261e+01 
       8.571479142712e-06       4.117498361091e+01 
       8.975440509357e-06       4.303614450819e+01 
       9.398439988680e-06       4.498143143252e+01 
       9.841374819290e-06       4.701464683850e+01 
       1.030518452535e-05       4.913976503181e+01 
       1.079085290942e-05       5.136093993565e+01 
       1.129941013928e-05       5.368251320220e+01 
       1.183193493297e-05       5.610902269847e+01 
       1.238955684700e-05       5.864521137409e+01 
       1.297345867219e-05       6.129603650438e+01 
       1.358487894261e-05       6.406667940085e+01 
       1.422511456262e-05       6.696255550765e+01 
       1.489552355781e-05       6.998932498567e+01 
       1.559752795555e-05       7.315290376090e+01 
       1.633261680128e-05       7.645947507564e+01 
       1.710234931700e-05       7.991550155232e+01 
       1.790835820857e-05       8.352773781284e+01 
       1.875235312891e-05       8.730324365507e+01 
       1.963612430441e-05       9.124939783006e+01 
       2.056154633223e-05       9.537391243300e+01 
       2.153058215655e-05       9.968484794216e+01 
       2.254528723228e-05       1.041906289406e+02 
       2.360781388492e-05       1.089000605248e+02 
       2.472041587598e-05       1.138223454984e+02 
       2.588545318342e-05       1.189671022536e+02 
       2.710539700760e-05       1.243443835412e+02 
       2.838283501291e-05       1.299646960254e+02 
       2.972047681664e-05       1.358390207336e+02 
       3.112115973639e-05       1.419788344278e+02 
       3.258785480842e-05       1.483961319049e+02 
       3.412367308964e-05       1.551034493176e+02 
       3.573187225651e-05       1.621138885162e+02 
       3.741586351510e-05       1.694411424965e+02 
       3.917921883664e-05       1.770995219275e+02 
       4.102567853418e-05       1.851039829307e+02 
       4.295915919630e-05       1.934701560458e+02 
       4.498376199471e-05       2.022143764097e+02 
       4.710378138339e-05       2.113537154373e+02 
       4.932371420769e-05       2.209060137006e+02 
       5.164826924278e-05       2.308899153812e+02 
       5.408237718153e-05       2.413249041901e+02 
       5.663120109324e-05       2.522313408185e+02 
       5.930014737514e-05       2.636305020673e+02 
       6.209487722014e-05       2.755446216286e+02 
       6.502131862492e-05       2.879969326390e+02 
       6.808567896407e-05       3.010117120540e+02 
       7.129445815670e-05       3.146143269097e+02 
       7.465446245370e-05       3.288312825294e+02 
       7.817281887467e-05       3.436902728355e+02 
       8.185699032528e-05       3.592202325894e+02 
       8.571479142712e-05       3.754513919995e+02 
       8.975440509357e-05       3.924153334416e+02 
       9.398439988680e-05       4.101450505396e+02 
       9.841374819290e-05       4.286750096003e+02 
       1.030518452535e-04       4.480412134964e+02 
       1.079085290942e-04       4.682812680864e+02 
       1.129941013928e-04       4.894344511581e+02 
       1.183193493297e-04       5.115417840481e+02 
       1.238955684700e-04       5.346461059037e+02 
       1.297345867219e-04       5.587921506801e+02 
       1.358487894261e-04       5.840266269120e+02 
       1.422511456262e-04       6.103983002661e+02 
       1.489552355781e-04       6.379580789504e+02 
       1.559752795555e-04       6.667591017385e+02 
       1.633261680128e-04       6.968568292252e+02 
       1.710234931700e-04       7.283091374172e+02 
       1.790835820857e-04       7.611764143357e+02 
       1.875235312891e-04       7.955216592398e+02 
       1.963612430441e-04       8.314105844141e+02 
       2.056154633223e-04       8.689117195649e+02 
       2.153058215655e-04       9.080965184203e+02 
       2.254528723228e-04       9.490394677245e+02 
       2.360781388492e-04       9.918181980495e+02 
       2.472041587598e-04       1.036513596511e+03 
       2.588545318342e-04       1.083209920989e+03 
       2.710539700760e-04       1.131994915551e+03 
       2.838283501291e-04       1.182959926775e+03 
       2.972047681664e-04       1.236200020711e+03 
       3.112115973639e-04       1.291814099796e+03 
       3.258785480842e-04       1.349905019553e+03 
       3.412367308964e-04       1.410579704814e+03 
       3.573187225651e-04       1.473949264257e+03 
       3.741586351510e-04       1.540129103489e+03 
       3.917921883664e-04       1.609239035637e+03 
       4.102567853418e-04       1.681403389323e+03 
       4.295915919630e-04       1.756751112804e+03 
       4.498376199471e-04       1.835415874383e+03 
       4.710378138339e-04       1.917536157553e+03 
       4.932371420769e-04       2.003255350704e+03 
       5.164826924278e-04       2.092721830161e+03 
       5.408237718153e-04       2.186089035360e+03 
       5.663120109324e-04       2.283515534943e+03 
       5.930014737514e-04       2.385165081646e+03 
       6.209487722014e-04       2.491206654389e+03 
       6.502131862492e-04       2.601814483750e+03 
       6.808567896407e-04       2.717168058638e+03 
       7.129445815670e-04       2.837452108739e+03 
       7.465446245371e-04       2.962856557607e+03 
       7.817281887467e-04       3.093576442502e+03 
       8.185699032528e-04       3.229811793178e+03 
       8.571479142712e-04       3.371767461059e+03 
       8.975440509357e-04       3.519652897191e+03 
       9.398439988680e-04       3.673681868000e+03 
       9.841374819290e-04       3.834072108344e+03 
       1.030518452535e-03       4.001044907055e+03 
       1.079085290942e-03       4.174824623938e+03 
       1.129941013928e-03       4.355638140970e+03 
       1.183193493297e-03       4.543714247858e+03 
       1.238955684700e-03       4.739282962862e+03 
       1.297345867219e-03       4.942574785068e+03 
       1.358487894261e-03       5.153819870308e+03 
       1.422511456262e-03       5.373247113082e+03 
       1.489552355781e-03       5.601083113277e+03 
       1.559752795555e-03       5.837551002787e+03 
       1.633261680128e-03       6.082869113847e+03 
       1.710234931700e-03       6.337249483055e+03 
       1.790835820857e-03       6.600896202271e+03 
       1.875235312891e-03       6.874003643785e+03 
       1.963612430441e-03       7.156754587795e+03 
       2.056154633223e-03       7.449318257286e+03 
       2.153058215655e-03       7.751848243793e+03 
       2.254528723228e-03       8.064478385797e+03 
       2.360781388492e-03       8.387324312793e+03 
       2.472041587598e-03       8.720479972474e+03 
       2.588545318342e-03       9.064012125478e+03 
       2.710539700760e-03       9.417958951961e+03 
       2.838283501291e-03       9.782327053032e+03 
       2.972047681664e-03       1.015708821264e+04 
       3.112115973639e-03       1.054217581209e+04 
       3.258785480842e-03       1.093748091516e+04 
       3.412367308964e-03       1.134284813588e+04 
       3.573187225651e-03       1.175807133113e+04 
       3.741586351510e-03       1.218288903525e+04 
       3.917921883664e-03       1.261697968277e+04 
       4.102567853418e-03       1.305995689162e+04 
       4.295915919630e-03       1.351136497049e+04 
       4.498376199471e-03       1.397067447649e+04 
       4.710378138339e-03       1.443727771875e+04 
       4.932371420769e-03       1.491048421337e+04 
       5.164826924278e-03       1.538951570492e+04 
       5.408237718153e-03       1.587350041214e+04 
       5.663120109324e-03       1.636146678511e+04 
       5.930014737514e-03       1.685233692786e+04 
       6.209487722014e-03       1.734492032644e+04 
       6.502131862492e-03       1.783790872751e+04 
       6.808567896407e-03       1.832987196061e+04 
       7.129445815670e-03       1.881925427025e+04 
       7.465446245371e-03       1.930436986500e+04 
       7.817281887467e-03       1.978339716598e+04 
       8.185699032528e-03       2.025437265225e+04 
       8.571479142712e-03       2.071518645933e+04 
       8.975440509357e-03       2.116358114398e+04 
       9.398439988680e-03       2.159715275148e+04 
       9.841374819290e-03       2.201335166118e+04 
       1.030518452535e-02       2.240948262494e+04 
       1.079085290942e-02       2.278270734046e+04 
       1.129941013928e-02       2.313005325482e+04 
       1.183193493297e-02       2.344842743838e+04 
       1.238955684700e-02       2.373463186396e+04 
       1.297345867219e-02       2.398538199569e+04 
       1.358487894261e-02       2.419733453320e+04 
       1.422511456262e-02       2.436712427161e+04 
       1.489552355779e-02       2.449140617787e+04 
       1.559752795544e-02       2.456690610454e+04 
       1.633261680068e-02       2.459048499496e+04 
       1.710234931411e-02       2.455921281026e+04 
       1.790835819571e-02       2.447045226368e+04 
       1.875235307604e-02       2.432195625523e+04 
       1.963612410263e-02       2.411197493431e+04 
       2.056154561547e-02       2.383937168265e+04 
       2.153057978007e-02       2.350374658431e+04 
       2.254527985648e-02       2.310556177259e+04 
       2.360779239556e-02       2.264626520849e+04 
       2.472035694167e-02       2.212840553712e+04 
       2.588530063756e-02       2.155573150606e+04 
       2.710502337893e-02       2.093326742070e+04 
       2.838196692865e-02       2.026735628185e+04 
       2.971855909950e-02       1.956566064808e+04 
       3.111712272596e-02       1.883710920690e+04 
       3.257974034667e-02       1.809177333481e+04 
       3.410807158277e-02       1.734065310666e+04 
       3.570313328966e-02       1.659534898152e+04 
       3.736507297233e-02       1.586759922650e+04 
       3.909298931371e-02       1.516867119122e+04 
       4.088486880898e-02       1.450866365024e+04 
       4.273769896146e-02       1.389576507698e+04 
       4.464777682206e-02       1.333559788775e+04 
       4.661116688241e-02       1.283078687639e+04 
       4.862420590965e-02       1.238080140342e+04 
       5.068393741344e-02       1.198209091204e+04 
       5.278839290361e-02       1.162846341877e+04 
       5.493669732335e-02       1.131159596514e+04 
       5.712902823795e-02       1.102162037679e+04 
       5.936648325311e-02       1.074774348421e+04 
       6.165090911151e-02       1.047888333527e+04 
       6.398473108394e-02       1.020434066571e+04 
       6.637080412248e-02       9.914506518468e+03 
       6.881229388037e-02       9.601576984927e+03 
       7.131258753022e-02       9.260237933029e+03 
       7.387523037017e-02       8.888246574983e+03 
       7.650388296746e-02       8.486808187654e+03 
       7.920229377190e-02       8.060668859578e+03 
       8.197428290906e-02       7.617847741008e+03 
       8.482373377848e-02       7.168995473512e+03 
       8.775458992284e-02       6.726403564704e+03 
       9.077085532787e-02       6.302776465428e+03 
       9.387659684911e-02       5.909906874821e+03 
       9.707594786325e-02       5.557413028556e+03 
       1.003731125341e-01       5.251674447164e+03 
       1.037723702940e-01       4.995058040359e+03 
       1.072780802922e-01       4.785472529816e+03 
       1.108946856688e-01       4.616287605556e+03 
       1.146267175911e-01       4.476695043492e+03 
       1.184787990438e-01       4.352649200958e+03 
       1.224556484094e-01       4.228532864889e+03 
       1.265620829024e-01       4.089568545348e+03 
       1.308030219510e-01       3.924693459525e+03 
       1.351834906364e-01       3.729236185526e+03 
       1.397086233201e-01       3.506474478801e+03 
       1.443836676024e-01       3.267289467811e+03 
       1.492139887708e-01       3.027700578155e+03 
       1.542050749086e-01       2.804869585529e+03 
       1.593625428459e-01       2.612765296069e+03 
       1.646921451472e-01       2.458713357414e+03 
       1.701997783409e-01       2.341609671530e+03 
       1.758914926071e-01       2.252100532565e+03 
       1.817735031527e-01       2.174872349314e+03 
       1.878522035156e-01       2.093052637768e+03 
       1.941341810539e-01       1.993962999449e+03 
       2.006262348940e-01       1.874117060680e+03 
       2.073353966294e-01       1.740690394687e+03 
       2.142689540884e-01       1.608065331534e+03 
       2.214344785160e-01       1.490962472181e+03 
       2.288398555543e-01       1.397719646389e+03 
       2.364933204503e-01       1.326882169154e+03 
       2.444034979747e-01       1.268417232224e+03 
       2.525794476115e-01       1.209160801941e+03 
       2.610307146579e-01       1.140253826298e+03 
       2.697673879896e-01       1.062222808921e+03 
       2.788001653734e-01       9.837581090734e+02 
       2.881404273735e-01       9.148246912152e+02 
       2.978003210935e-01       8.594542698624e+02 
       3.077928552319e-01       8.135149022822e+02 
       3.181320082150e-01       7.687850672094e+02 
       3.288328515063e-01       7.200680519965e+02 
       3.399116905919e-01       6.691862891592e+02 
       3.513862266089e-01       6.220325090206e+02 
       3.632757421195e-01       5.820130215363e+02 
       3.756013151463e-01       5.469625066014e+02 
       3.883860662535e-01       5.124147696905e+02 
       4.016554441774e-01       4.769761630995e+02 
       4.154375562093e-01       4.431664048293e+02 
       4.297635501509e-01       4.131680637203e+02 
       4.446680550168e-01       3.858920308835e+02 
       4.601896875210e-01       3.592325440529e+02 
       4.763716303188e-01       3.333020569064e+02 
       4.932622853644e-01       3.094356209438e+02 
       5.109160006046e-01       2.874776484970e+02 
       5.293938591799e-01       2.664182092917e+02 
       5.487645054395e-01       2.463772393255e+02 
       5.691049590259e-01       2.277993848577e+02 
       5.905013345824e-01       2.103044085492e+02 
       6.130493386908e-01       1.937059655032e+02 
       6.368543590204e-01       1.781933583545e+02 
       6.620309019751e-01       1.636092942381e+02 
       6.887010957654e-01       1.498898226724e+02 
       7.169919952139e-01       1.370612660384e+02 
       7.470315585607e-01       1.250435435221e+02 
       7.789434670136e-01       1.138371923303e+02 
       8.128414234879e-01       1.034069112770e+02 
       8.488240765650e-01       9.374068920421e+01 
       8.869720031215e-01       8.481454548922e+01 
       9.273479443031e-01       7.660894515576e+01 
       9.700006296807e-01       6.909461962166e+01 
       1.014971356662e+00       6.223930689220e+01 
       1.062301617037e+00       5.600521018374e+01 
       1.112039936558e+00       5.035238588857e+01 
       1.164246687479e+00       4.523841040591e+01 
       1.218996518589e+00       4.061969868922e+01 
       1.276378766663e+00       3.645316148151e+01 
       1.336496557164e+00       3.269855856197e+01 
       1.399465310696e+00       2.931823796845e+01 
       1.465411194819e+00       2.627675181370e+01 
       1.534469836588e+00       2.354137101455e+01 
       1.606785421011e+00       2.108278121255e+01 
       1.682510174151e+00       1.887412514920e+01 
       1.761804164883e+00       1.689063404360e+01 
       1.844835340495e+00       1.511027296449e+01 
       1.931779719303e+00       1.351295081322e+01 
       2.022821682649e+00       1.208032551247e+01 
       2.118154328647e+00       1.079604981549e+01 
       2.217979865939e+00       9.645144814410e+00 
       2.322510036439e+00       8.614190353840e+00 
       2.431966562247e+00       7.691027250815e+00 
       2.546581615225e+00       6.864692663964e+00 
       2.666598309242e+00       6.125299529741e+00 
       2.792271215792e+00       5.463932414195e+00 
       2.923866903956e+00       4.872566673881e+00 
       3.061664505834e+00       4.343975130125e+00 
       3.205956308613e+00       3.871646191194e+00 
       3.357048374552e+00       3.449734099286e+00 
       3.515261190181e+00       3.072975874387e+00 
       3.680930346094e+00       2.736644081569e+00 
       3.854407248782e+00       2.436494954866e+00 
       4.036059866014e+00       2.168716093828e+00 
       4.226273507346e+00       1.929886535432e+00 
       4.425451641413e+00       1.716938712546e+00 
       4.634016751742e+00       1.527121690692e+00 
       4.852411232896e+00       1.357970004488e+00 
       5.081098328848e+00       1.207275008100e+00 
       5.320563115590e+00       1.073058663624e+00 
       5.571313530041e+00       9.535504881858e-01 
       5.833881447448e+00       8.471660486018e-01 
       6.108823809568e+00       7.524882135690e-01 
       6.396723806011e+00       6.682497413836e-01 
       6.698192111271e+00       5.933176606060e-01 
       7.013868180042e+00       5.266798236269e-01 
       7.344421603587e+00       4.674320924843e-01 
       7.690553530038e+00       4.147670239612e-01 
       8.052998151617e+00       3.679638711996e-01 
       8.432524261959e+00       3.263793450735e-01 
       8.829936886829e+00       2.894396973552e-01 
       9.246078991686e+00       2.566331282095e-01 
       9.681833269728e+00       2.275033210450e-01 
       1.013812401420e+01       2.016435919771e-01 
       1.061591907895e+01       1.786914886312e-01 
       1.111623193137e+01       1.583241626182e-01 
       1.164012380209e+01       1.402541034284e-01 
       1.218870593602e+01       1.242252741642e-01 
       1.276314194940e+01       1.100098160631e-01 
       1.336465029804e+01       9.740493295096e-02 
       1.399450686180e+01       8.623019911705e-02 
       1.465404765088e+01       7.632515727530e-02 
       1.534467163974e+01       6.754709953692e-02 
       1.606784373443e+01       5.976916528684e-02 
       1.682509787995e+01       5.287859920061e-02 
       1.761804031384e+01       4.677519966467e-02 
       1.844835297334e+01       4.136995007535e-02 
       1.931779706290e+01       3.658377840017e-02 
       2.022821679002e+01       3.234647348021e-02 
