###############
#    GaPSE    #
############### 
#
# Power Spectrum Multipole computation from two input vectors.
#
# For this PS_multipole computation we set: 
# 	 multipole degree in consideration L = 0
# 	 algorithm chosen for the computation: :fftlog
# 	 #points used in Fourier transform N = 500
# computational time needed (in s) : 0.0008
# kwards passed to "print_PS_multipole": 
# 		ν = 1.5
# 		cut_first_n = 0
# 		cut_last_n = 0
# 		n_extrap_high = 300
# 		n_pad = 500
# 		n_extrap_low = 300
# 
# k [h_0/Mpc] 	 	  P [(Mpc/h_0)^3]
0.00016369382206909115 	 14885.89025869465
0.00016657867325727587 	 14886.29153977266
0.00016951436549903702 	 14886.707192923048
0.00017250179478954422 	 14887.136728561285
0.0001755418729144996 	 14887.581531879674
0.00017863552772842304 	 14888.041855868729
0.00018178370343783885 	 14888.517653615309
0.00018498736088945543 	 14889.010552734684
0.0001882474778634232 	 14889.520081775885
0.00019156504937175922 	 14890.047257723165
0.00019494108796203375 	 14890.592974337598
0.000198376624026406 	 14891.157059233115
0.00020187270611610804 	 14891.740876518343
0.00020543040126147103 	 14892.344856192547
0.00020905079529758957 	 14892.969215275014
0.00021273499319572815 	 14893.615524018944
0.00021648411940056498 	 14894.283652744167
0.00022029931817338274 	 14894.974702796133
0.00022418175394130397 	 14895.689665760074
0.00022813261165268356 	 14896.428682947262
0.00023215309713876472 	 14897.193157518068
0.0002362444374817058 	 14897.98372422423
0.00024040788138909695 	 14898.800871869867
0.00024464469957507335 	 14899.64618557671
0.0002489561851481472 	 14900.519875492882
0.00025334365400587496 	 14901.423172209454
0.0002578084452364774 	 14902.357211607457
0.00026235192152754104 	 14903.322453484716
0.0002669754695819192 	 14904.320396516156
0.0002716805005409646 	 14905.351909170837
0.0002764684504152208 	 14906.417765484452
0.0002813407805227019 	 14907.51962985285
0.0002862989779348997 	 14908.658056282553
0.00029134455593064697 	 14909.83444632114
0.0002964790544579822 	 14911.050121994827
0.00030170404060415456 	 14912.305869279335
0.0003070211090739079 	 14913.603331394903
0.00031243188267619944 	 14914.94363582471
0.00031793801281949067 	 14916.32785429598
0.00032354118001577176 	 14917.757783048155
0.0003292430943934643 	 14919.234322261496
0.0003350454962193661 	 14920.759076761336
0.0003409501564297949 	 14922.333585341481
0.00034695887717108877 	 14923.958962130584
0.0003530734923496371 	 14925.637029069503
0.0003592958681916006 	 14927.36918566605
0.0003656279038124981 	 14929.156802936444
0.000372071531796832 	 14931.001841020116
0.00037862871878792506 	 14932.90553583119
0.00038530146608815717 	 14934.869707764585
0.00039209181026977566 	 14936.896121036263
0.00039900182379647294 	 14938.986201382604
0.0004060336156559195 	 14941.141957058442
0.0004131893320034396 	 14943.365047357956
0.0004204711568170375 	 14945.657119194562
0.0004278813125639603 	 14948.02029522226
0.0004354220608790135 	 14950.456108710556
0.0004430957032548295 	 14952.966573420681
0.00045090458174429777 	 14955.553650742759
0.00045885107967538 	 14958.219026934239
0.0004669376223785162 	 14960.964862378058
0.0004751666779268573 	 14963.79302285605
0.00048354075788953615 	 14966.705366411716
0.0004920624180982184 	 14969.704128434365
0.0005007342594271633 	 14972.791056978584
0.0005095589285870261 	 14975.968287364443
0.0005185391189326578 	 14979.237898776397
0.0005276775712851343 	 14982.601737796918
0.0005369770747682758 	 14986.062028423767
0.0005464404676599109 	 14989.620736710493
0.0005560706382581359 	 14993.279814981897
0.000565870525762849 	 14997.041505161193
0.0005758431211728129 	 15000.907636426318
0.0005859914681985311 	 15004.880340471762
0.0005963186641912126 	 15008.961682794872
0.0006068278610881032 	 15013.153522828634
0.0006175222663744842 	 15017.45801170618
0.0006284051440626175 	 15021.877066935995
0.0006394798156879472 	 15026.412581099306
0.0006507496613228599 	 15031.066661278328
0.0006622181206083031 	 15035.841059371614
0.0006738886938035944 	 15040.73775862217
0.0006857649428547217 	 15045.758668632447
0.0006978504924814808 	 15050.90551601671
0.0007101490312837625 	 15056.18025330016
0.0007226643128673422 	 15061.584626406577
0.0007354001569895114 	 15067.12035576224
0.0007483604507248906 	 15072.789328151053
0.000761549149651799 	 15078.593137862923
0.000774970279059522 	 15084.533571769425
0.0007886279351768615 	 15090.612361429916
0.000802526286422337 	 15096.831102065542
0.0008166695746764145 	 15103.191594307567
0.0008310621165761644 	 15109.695493077446
0.0008457083048327263 	 15116.344470720971
0.0008606126095720004 	 15123.140377163183
0.0008757795796989649 	 15130.084877248924
0.00089121384428603 	 15137.179859513928
0.0009069201139858729 	 15144.427242584294
0.0009229031824691568 	 15151.828923694993
0.0009391679278875985 	 15159.387073418804
0.0009557193143628191 	 15167.103858885512
0.0009725623935014248 	 15174.981599015671
0.0009897023059368016 	 15183.02290739613
0.0010071442828980682 	 15191.230415076232
0.001024893647806694 	 15199.60712422316
0.001042955817901239 	 15208.156266326978
0.0010613363058907398 	 15216.881280514426
0.0010800407216372313 	 15225.786075857353
0.0010990747738679123 	 15234.874820328332
0.0011184442719174993 	 15244.15209260701
0.0011381551275012718 	 15253.623013989854
0.0011582133565193745 	 15263.293041476183
0.001178625080892919 	 15273.168275467791
0.0011993965304324318 	 15283.255357939694
0.0012205340447392467 	 15293.561469537603
0.0012420440751403927 	 15304.094558121964
0.0012639331866575885 	 15314.863171501698
0.0012862080600109412 	 15325.876592826104
0.0013088754936579424 	 15337.144948065119
0.0013319424058684183 	 15348.679036927311
0.0013554158368360289 	 15360.490580414218
0.0013793029508269905 	 15372.592126223297
0.0014036110383666687 	 15384.997031716965
0.0014283475184646893 	 15397.719632931605
0.0014535199408792897 	 15410.775078265788
0.0014791359884215466 	 15424.17941248948
0.001505203479300241 	 15437.949625238378
0.001531730369508024 	 15452.103471615183
0.0015587247552496467 	 15466.659628927193
0.0015861948754129901 	 15481.637566926895
0.0016141491140836226 	 15497.057478794623
0.0016425960031036984 	 15512.940363984992
0.0016715442246759279 	 15529.307828942605
0.0017010026140134565 	 15546.182100018006
0.0017309801620364411 	 15563.586002024957
0.0017614860181161352 	 15581.542756222761
0.0017925294928673584 	 15600.07605840681
0.0018241200609901552 	 15619.2099272975
0.0018562673641615457 	 15638.968611641942
0.0018889812139782467 	 15659.37663484361
0.001922271594951228 	 15680.458614875875
0.001956148667553077 	 15702.239278910518
0.0019906227713190373 	 15724.743459002708
0.0020257044280027154 	 15747.995958329424
0.002061404344787407 	 15772.021663191732
0.0020977334175539945 	 15796.84548094113
0.002134702734206465 	 15822.492340363871
0.0021723235780560096 	 15848.987319960392
0.0022106074312647855 	 15876.355595560259
0.002249565978350347 	 15904.622559665091
0.002289211109751851 	 15933.813920662054
0.0023295549254591166 	 15963.955693527843
0.002370609738705614 	 15995.074381548078
0.002412388079726576 	 16027.196997040537
0.002454902699583302 	 16060.351109522102
0.002498166574054882 	 16094.564972496222
0.0025421929075985132 	 16129.867461829841
0.002586995137379577 	 16166.28812297439
0.0026325869373727837 	 16203.857156311167
0.0026789822225355554 	 16242.605275198894
0.0027261951530549795 	 16282.56368341478
0.0027742401386696147 	 16323.763887357418
0.002823131843067429 	 16366.237506385445
0.0028728851883612887 	 16410.016138224568
0.002923515359643283 	 16455.131064715755
0.00297503780961933 	 16501.613068538143
0.003027468263325472 	 16549.4922256379
0.003080822722927247 	 16598.797640942765
0.0031351174726037003 	 16649.557341318345
0.00319036908351741 	 16701.798100217948
0.0032465944188721425 	 16755.545332663536
0.003303810639059634 	 16810.823109836463
0.003362035206897052 	 16867.654099364445
0.003421285892956799 	 16926.05964949742
0.003481580780990201 	 16986.05987379468
0.003542938273446828 	 17047.673688597944
0.0036053770970910356 	 17110.918948106046
0.0036689163087175224 	 17175.81246119119
0.0037335753009676196 	 17242.36997820464
0.00379937380824804 	 17310.606174863868
0.0038663319127540006 	 17380.534457852387
0.003934470050598428 	 17452.166789254887
0.004003809018049226 	 17525.51342289909
0.004074369977876463 	 17600.582553164208
0.00414617446581138 	 17677.380038792737
0.004219244397119287 	 17755.909072697497
0.004293602073288237 	 17836.169917818643
0.004369270188835623 	 17918.159774442567
0.004446271838234722 	 18001.87264735589
0.00452463052296327 	 18087.299385745784
0.004604370158676328 	 18174.427773115967
0.004685515082505484 	 18263.2426249335
0.004768090060486738 	 18353.725962133794
0.004852120295119302 	 18445.857082172915
0.004937631433057552 	 18539.612561698745
0.0050246495729386175 	 18634.966205495148
0.005113201273347841 	 18731.888811151402
0.005203313560924701 	 18830.34792662932
0.0052950139386115005 	 18930.30754837918
0.00538833039404749 	 19031.727812949706
0.005483291408110921 	 19134.56482760695
0.005579925963611583 	 19238.77056911558
0.005678263554136614 	 19344.292923300316
0.005778334193052133 	 19451.07588284285
0.005880168422663547 	 19559.059740076482
0.005983797323537324 	 19668.181349232054
0.0060892525239869535 	 19778.374307005495
0.006196566209726213 	 19889.569011726526
0.006305771133692427 	 20001.692666233575
0.006416900626042935 	 20114.669158987297
0.006529988604327723 	 20228.41892557609
0.006645069583841265 	 20342.858887144062
0.006762178688156903 	 20457.90240854368
0.006881351659846776 	 20573.459419977105
0.007002624871390739 	 20689.436604099767
0.007126035336277538 	 20805.737616150203
0.007251620720301552 	 20922.263352418446
0.007379419353058732 	 21038.912155961072
0.0075094702396450224 	 21155.579986913937
0.007641813072561061 	 21272.16059658074
0.007776488243826588 	 21388.545618252683
0.007913536857308395 	 21504.624691303827
0.008053000741265567 	 21620.28553094627
0.008194922461115724 	 21735.413943592004
0.008339345332426366 	 21849.893841142628
0.008486313434135048 	 21963.607213765237
0.008635871622002626 	 22076.43413296554
0.0087880655423036 	 22188.25284941124
0.00894294164575763 	 22298.939896462853
0.009100547201706721 	 22408.370272040513
0.009260930312542107 	 22516.41757028532
0.009424139928385492 	 22622.954030197543
0.009590225862029015 	 22727.85052207151
0.009759238804138433 	 22830.97642214578
0.009931230338724352 	 22932.199431132904
0.010106252958885984 	 23031.38541831274
0.01028436008283249 	 23128.39827421634
0.010465606070186586 	 23223.099936502196
0.010650046238575517 	 23315.350516233117
0.010837736880514395 	 23405.00842494782
0.011028735280587112 	 23491.930337084777
0.011223099732930016 	 23575.970798655413
0.011420889559023713 	 23656.98159167424
0.011622165125798424 	 23734.811202129953
0.011826987864058438 	 23809.304623606204
0.012035420287231216 	 23880.30361993117
0.012247526010447003 	 23947.647078742797
0.012463369769954599 	 24011.171167672997
0.012683017442879375 	 24070.70933740497
0.012906536067329447 	 24126.092393196763
0.013133993862856196 	 24177.148757153976
0.013365460251275413 	 24223.704677589798
0.013601005877855336 	 24265.584034670886
0.013840702632878116 	 24302.608100037298
0.014084623673581272 	 24334.595841194518
0.014332843446485805 	 24361.365083149358
0.01458543771011786 	 24382.734016546285
0.014842483558130786 	 24398.522141330137
0.015104059442834683 	 24408.55033789476
0.015370245199140637 	 24412.640557298528
0.015641122068926937 	 24410.61593442566
0.015916772725834687 	 24402.302192101608
0.016197281300500434 	 24387.530210833957
0.016482733406233463 	 24366.138425919435
0.016773216165145606 	 24337.973293556373
0.01706881823474159 	 24302.887739393525
0.017369629834977904 	 24260.740041853263
0.017675742775798687 	 24211.39543248553
0.017987250485156748 	 24154.729415966358
0.018304248037528503 	 24090.62970361962
0.018626832182931395 	 24018.995157008187
0.01895510137645274 	 23939.734025365546
0.019289155808298923 	 23852.764597580634
0.019629097434374236 	 23758.017790795642
0.019975030007398562 	 23655.438299648875
0.020327059108573468 	 23544.982876972284
0.02068529217980641 	 23426.618924889724
0.02104983855650274 	 23300.327049712363
0.021420809500935768 	 23166.10494731959
0.021798318236204768 	 23023.96778225017
0.022182479980791564 	 22873.94698836849
0.022573411983726033 	 22716.091795618842
0.022971233560371423 	 22550.470766922215
0.023376066128840217 	 22377.17088313217
0.023788033247051952 	 22196.297925478204
0.02420726065044393 	 22007.978662074212
0.02463387629034666 	 21812.363531244464
0.02506801037303554 	 21609.62830602238
0.025509795399470767 	 21399.97334473375
0.02595936620573766 	 21183.626158323503
0.02641686000419961 	 20960.840649873724
0.026882416425376313 	 20731.89140340936
0.027356177560560076 	 20497.07952561538
0.027838288005183117 	 20256.737153704682
0.028328894902949125 	 20011.22038249819
0.028828147990742733 	 19760.899994191288
0.029336199644330218 	 19506.163275832278
0.029853204924865775 	 19247.4278032521
0.030379321626217346 	 18985.12945432319
0.03091471032312642 	 18719.720648866343
0.031459534420216734 	 18451.68591397533
0.032013960201866525 	 18181.51207103388
0.03257815688295978 	 17909.697851455978
0.03315229666053186 	 17636.775222110202
0.03373655476632538 	 17363.27214272346
0.03433110952027212 	 17089.727429364124
0.034936142384917754 	 16816.688224429356
0.03555183802080546 	 16544.691872729396
0.03617838434283574 	 16274.296721140994
0.03681597257761947 	 16006.048047765245
0.03746479732184159 	 15740.469908498606
0.038125056601653586 	 15478.082235072288
0.03879695193311249 	 15219.37848874431
0.039480688383685084 	 14964.843253707164
0.04017647463483602 	 14714.928586638443
0.040884523045719004 	 14470.057700406282
0.041605049717990256 	 14230.642518168353
0.04233827456176454 	 13997.04811618772
0.04308442136273326 	 13769.604652116219
0.04384371785046551 	 13548.596686182196
0.04461639576791292 	 13334.26311115649
0.04540269094213918 	 13126.794322387657
0.04620284335629643 	 12926.30212519115
0.04701709722286974 	 12732.842375525073
0.047845701058212654 	 12546.407605025086
0.04868890775839621 	 12366.90999110289
0.04954697467639474 	 12194.20366826804
0.05042016370063185 	 12028.079005460148
0.0513087413349108 	 11868.252291603672
0.05221297877975341 	 11714.361843377115
0.053133152015172484 	 11565.974804556665
0.05406954188490303 	 11422.58237451992
0.05502243418211768 	 11283.580211042714
0.05599211973665313 	 11148.295217628633
0.05697889450377343 	 11015.970830067336
0.057983059654497814 	 10885.79589350438
0.05900492166752025 	 10756.93751050362
0.06004479242274916 	 10628.518174324472
0.061102989296495304 	 10499.638098041303
0.062179835258337576 	 10369.35131524881
0.06327565896969566 	 10236.685698738109
0.06439079488413992 	 10100.683574123319
0.06552558334946922 	 9960.42591247864
0.06668037071158739 	 9815.087168427128
0.06785550942021089 	 9663.938951819835
0.06905135813643884 	 9506.349756528292
0.0702682818422192 	 9341.798132420432
0.07150665195174392 	 9169.892850008504
0.07276684642480737 	 8990.427315419727
0.07404924988216235 	 8803.39412461688
0.07535425372290946 	 8609.001668106213
0.07668225624395482 	 8407.675248435053
0.07803366276157331 	 8200.042388605401
0.07940888573511422 	 7986.933075900085
0.08080834489288667 	 7769.373080121814
0.08223246736026411 	 7548.602826759009
0.08368168779004603 	 7326.011840304451
0.08515644849511722 	 7103.117765130522
0.086657199583445 	 6881.533638221894
0.08818439909545558 	 6662.904690320206
0.08973851314383122 	 6448.881837743129
0.0913200160557715 	 6241.071584245261
0.09292939051776153 	 6040.998490489799
0.09456712772289128 	 5850.019634919513
0.09623372752077157 	 5669.321136690264
0.09792969857009166 	 5499.861709391116
0.09965555849386602 	 5342.330245503584
0.10141183403741642 	 5197.1409229930805
0.1031990612291387 	 5064.364843887774
0.10501778554410254 	 4943.772246182308
0.10686856207053463 	 4834.782714604431
0.10875195567923565 	 4736.499785989053
0.11066854119598307 	 4647.704148458673
0.11261890357697225 	 4566.843460239033
0.11460363808734955 	 4492.166252611914
0.11662335048289144 	 4421.679470566231
0.11867865719488602 	 4353.288420513707
0.12077018551827211 	 4284.83223198043
0.12289857380309457 	 4214.1936456606745
0.1250644716493335 	 4139.499188563182
0.12726854010516675 	 4059.081844278072
0.12951145186872706 	 3971.6948826282896
0.13179389149341447 	 3876.6028693723906
0.13411655559682686 	 3773.630184249647
0.13648015307337324 	 3663.21172292739
0.13888540531063343 	 3546.326404891031
0.1413330464095307 	 3424.5538625130853
0.14382382340838534 	 3299.8877685677644
0.14635849651091584 	 3174.5870963140965
0.14893783931825907 	 3051.112912187571
0.15156263906507902 	 2931.8388200037684
0.15423369685983654 	 2818.935495175844
0.15695182792929382 	 2714.2232425358334
0.15971786186732767 	 2618.9864035307696
0.16253264288812758 	 2533.9703359034424
0.1653970300838563 	 2459.2310463958825
0.1683118976868514 	 2394.1808012220654
0.1712781353364469 	 2337.6599127355507
0.17429664835049855 	 2287.8778725962975
0.177368358001693 	 2242.7374359373875
0.18049420179872755 	 2199.83653868653
0.18367513377244452 	 2156.7500956042627
0.1869121247670085 	 2111.35077387845
0.19020616273621563 	 2061.8352136460217
0.19355825304502414 	 2007.170037877314
0.19696941877639912 	 1947.0537129975207
0.20044070104356557 	 1881.980381462601
0.20397315930776347 	 1813.3074779876229
0.20756787170160332 	 1742.8244392896872
0.2112259353581205 	 1672.7332977540575
0.21494846674562818 	 1605.2611890066482
0.21873660200847195 	 1542.21522960595
0.22259149731378944 	 1485.1025082900226
0.22651432920438125 	 1434.5309091007007
0.23050629495780045 	 1390.40302748561
0.2345686129517708 	 1351.9739381771353
0.23870252303604467 	 1317.7162597924346
0.2429092869108142 	 1285.8963687533221
0.24719018851179209 	 1254.6010746355655
0.2515465344020777 	 1222.1124413079963
0.25597965417093055 	 1187.3130734591455
0.2604909008395704 	 1149.7139445858102
0.26508165127412947 	 1109.5720765530157
0.2697533066058827 	 1067.9741091293213
0.2745072926588827 	 1026.2096349860676
0.27934506038513246 	 985.869353245053
0.28426808630742684 	 948.312394920597
0.2892778729699975 	 914.2115118585665
0.2943759493971017 	 883.8835221261891
0.2995638715596913 	 856.7640501517213
0.30484322285030635 	 831.8787469564448
0.3102156145663393 	 808.0622707213375
0.315682686401814 	 784.1375779180164
0.32124610694783323 	 759.3162503754525
0.32690757420184474 	 733.4226816089471
0.33266881608588306 	 706.7421548507962
0.33853159097394375 	 680.0142468792391
0.34449768822865273 	 654.216297913621
0.3505689287473928 	 629.945976569696
0.3567471655180553 	 607.6973055957919
0.3630342841845856 	 587.3035085042571
0.36943220362249585 	 568.2756623146425
0.3759428765245203 	 550.0304634834075
0.38256828999659115 	 531.8901622097966
0.3893104661643186 	 513.6125799119575
0.39617146279015836 	 495.15674592789685
0.4031533739014565 	 476.8789435321962
0.4102583304295616 	 459.1483291462374
0.4174885008602016 	 442.31874352315464
0.424846091895321 	 426.5642458004486
0.43233334912658367 	 411.70175623800776
0.4399525577207435 	 397.56123646851745
0.44770604311709433 	 383.77478983631926
0.4555961717372122 	 370.14263794605444
0.4636253517072036 	 356.6933449327005
0.4717960335926845 	 343.48791018991193
0.4801107111467109 	 330.78412558177496
0.4885719220708909 	 318.71946730724085
0.4971822487899101 	 307.2420158407802
0.5059443192397071 	 296.27460024673286
0.5148608076695385 	 285.6161385057611
0.5239344354581809 	 275.16249296317557
0.5331679719445147 	 264.995031294464
0.5425642352727479 	 255.15801865211594
0.5521260932525344 	 245.72076153951693
0.5618564642342508 	 236.70348581265776
0.5717583179996988 	 228.00159745788497
0.581834676668505 	 219.57552979093578
0.5920886156204938 	 211.4295726763716
0.6025232644343167 	 203.547628932697
0.6131418078426232 	 195.94404475285637
0.6239474867040643 	 188.6269658622766
0.6349435989924274 	 181.5721372481189
0.6461335008032022 	 174.76901913588333
0.6575206073778856 	 168.22180499048196
0.6691083941463404 	 161.90534652654014
0.6809003977875204 	 155.79209144093468
0.6929002173088927 	 149.89211991945007
0.7051115151448814 	 144.2301823539436
0.7175380182746685 	 138.79231739996806
0.7301835193596982 	 133.52829546467854
0.7430518779012232 	 128.43193814571558
0.7561470214182548 	 123.54376393632234
0.7694729466462702 	 118.8592324449884
0.7830337207570459 	 114.31893892956998
0.7968334825999892 	 109.92517903216245
0.8108764439653464 	 105.72823340440503
0.8251668908696714 	 101.6916829591885
0.8397091848639511 	 97.76788762644846
0.8545077643647822 	 94.0026409226734
0.86956714600901 	 90.40606425544577
0.8848919260322392 	 86.91248831698182
0.9004867816716393 	 83.54284975134289
0.9163564725934723 	 80.3348323445036
0.9325058423457786 	 77.22465952140304
0.9489398198366633 	 74.21844842916408
0.965663420838637 	 71.3581554736357
0.9826817495194652 	 68.58468653357583
1.0 	 65.90966140438384
