#Expected signal for b_phi*fnl = 1 , b1 = 1.5 at zeff = 1.26.
#|s | xi_0 | xi_2 |
#Then xi(s,mu) = xi0(s) + L2(mu) xi2(s), L2(mu) = (3 mu^2-1)/2
1.e-6	0.00362497987	-0.209748756
1.02329299e-6	0.00361839192	-0.201271454
1.04712855e-6	0.00361181593	-0.193136775
1.07151931e-6	0.0036052519	-0.18533087
1.0964782e-6	0.0035986998	-0.177840453
1.12201845e-6	0.00359215961	-0.170652772
1.14815362e-6	0.0035856313	-0.163755591
1.17489755e-6	0.00357911486	-0.15713717
1.20226443e-6	0.00357261026	-0.150786242
1.23026877e-6	0.00356611748	-0.144691996
1.25892541e-6	0.0035596365	-0.138844058
1.28824955e-6	0.0035531673	-0.133232473
1.31825674e-6	0.00354670986	-0.127847688
1.34896288e-6	0.00354026415	-0.122680537
1.38038426e-6	0.00353383016	-0.117722225
1.41253754e-6	0.00352740786	-0.112964309
1.44543977e-6	0.00352099723	-0.108398692
1.47910839e-6	0.00351459825	-0.104017601
1.51356125e-6	0.0035082109	-0.0998135776
1.54881662e-6	0.00350183516	-0.0957794663
1.58489319e-6	0.00349547101	-0.0919083995
1.6218101e-6	0.00348911842	-0.0881937875
1.65958691e-6	0.00348277738	-0.084629307
1.69824365e-6	0.00347644786	-0.0812088901
1.73780083e-6	0.00347012984	-0.0779267144
1.77827941e-6	0.00346382331	-0.0747771925
1.81970086e-6	0.00345752824	-0.0717549632
1.86208714e-6	0.00345124461	-0.0688548818
1.90546072e-6	0.0034449724	-0.0660720113
1.9498446e-6	0.00343871158	-0.0634016146
1.99526231e-6	0.00343246215	-0.0608391459
2.04173794e-6	0.00342622407	-0.0583802431
2.08929613e-6	0.00341999733	-0.0560207204
2.13796209e-6	0.00341378191	-0.0537565613
2.18776162e-6	0.00340757778	-0.0515839114
2.23872114e-6	0.00340138493	-0.0494990724
2.29086765e-6	0.00339520333	-0.0474984952
2.34422882e-6	0.00338903297	-0.0455787743
2.39883292e-6	0.00338287382	-0.0437366416
2.45470892e-6	0.00337672586	-0.0419689615
2.51188643e-6	0.00337058908	-0.0402727247
2.57039578e-6	0.00336446345	-0.0386450438
2.63026799e-6	0.00335834895	-0.037083148
2.6915348e-6	0.00335224557	-0.0355843785
2.7542287e-6	0.00334615328	-0.0341461839
2.81838293e-6	0.00334007205	-0.0327661161
2.8840315e-6	0.00333400189	-0.0314418257
2.95120923e-6	0.00332794275	-0.0301710585
3.01995172e-6	0.00332189462	-0.0289516511
3.09029543e-6	0.00331585749	-0.0277815279
3.16227766e-6	0.00330983133	-0.026658697
3.23593657e-6	0.00330381612	-0.0255812468
3.31131121e-6	0.00329781184	-0.0245473434
3.38844156e-6	0.00329181847	-0.0235552268
3.4673685e-6	0.003285836	-0.0226032079
3.54813389e-6	0.0032798644	-0.0216896663
3.63078055e-6	0.00327390365	-0.0208130468
3.71535229e-6	0.00326795373	-0.0199718572
3.80189396e-6	0.00326201463	-0.0191646654
3.89045145e-6	0.00325608632	-0.0183900975
3.98107171e-6	0.00325016878	-0.0176468349
4.07380278e-6	0.003244262	-0.0169336123
4.16869383e-6	0.00323836596	-0.0162492157
4.26579519e-6	0.00323248063	-0.0155924799
4.36515832e-6	0.00322660599	-0.0149622871
4.46683592e-6	0.00322074203	-0.0143575645
4.5708819e-6	0.00321488873	-0.0137772826
4.67735141e-6	0.00320904607	-0.0132204536
4.78630092e-6	0.00320321402	-0.0126861297
4.89778819e-6	0.00319739257	-0.0121734013
5.01187234e-6	0.00319158171	-0.0116813955
5.12861384e-6	0.0031857814	-0.0112092749
5.2480746e-6	0.00317999164	-0.0107562357
5.37031796e-6	0.00317421239	-0.0103215067
5.49540874e-6	0.00316844365	-0.00990434796
5.62341325e-6	0.0031626854	-0.00950404929
5.75439937e-6	0.00315693761	-0.00911992928
5.88843655e-6	0.00315120026	-0.00875133404
6.02559586e-6	0.00314547335	-0.00839763611
6.16595002e-6	0.00313975684	-0.0080582334
6.30957344e-6	0.00313405071	-0.00773254814
6.45654229e-6	0.00312835496	-0.00742002593
6.60693448e-6	0.00312266956	-0.00712013476
6.76082975e-6	0.0031169945	-0.00683236413
6.91830971e-6	0.00311132974	-0.00655622417
7.07945784e-6	0.00310567529	-0.00629124481
7.2443596e-6	0.0031000311	-0.00603697497
7.41310241e-6	0.00309439718	-0.00579298182
7.58577575e-6	0.0030887735	-0.00555885002
7.76247117e-6	0.00308316003	-0.00533418098
7.94328235e-6	0.00307755677	-0.00511859228
8.12830516e-6	0.00307196369	-0.00491171691
8.31763771e-6	0.00306638077	-0.00471320271
8.51138038e-6	0.003060808	-0.00452271174
8.7096359e-6	0.00305524536	-0.00433991975
8.91250938e-6	0.00304969283	-0.00416451557
9.12010839e-6	0.00304415039	-0.0039962006
9.33254301e-6	0.00303861802	-0.00383468832
9.54992586e-6	0.00303309571	-0.0036797038
9.77237221e-6	0.00302758343	-0.0035309832
0.00001	0.00302208117	-0.00338827337
0.0000102329299	0.00301658891	-0.00325133136
0.0000104712855	0.00301110663	-0.00311992406
0.0000107151931	0.00300563432	-0.00299382778
0.000010964782	0.00300017195	-0.00287282786
0.0000112201845	0.00299471951	-0.00275671833
0.0000114815362	0.00298927697	-0.00264530154
0.0000117489755	0.00298384433	-0.00253838782
0.0000120226443	0.00297842156	-0.00243579518
0.0000123026877	0.00297300865	-0.00233734896
0.0000125892541	0.00296760557	-0.00224288159
0.0000128824955	0.00296221231	-0.00215223226
0.0000131825674	0.00295682886	-0.00206524666
0.0000134896288	0.00295145519	-0.0019817767
0.0000138038426	0.00294609128	-0.00190168031
0.0000141253754	0.00294073712	-0.00182482112
0.0000144543977	0.0029353927	-0.00175106832
0.0000147910839	0.00293005798	-0.00168029634
0.0000151356125	0.00292473296	-0.00161238471
0.0000154881662	0.00291941762	-0.00154721783
0.0000158489319	0.00291411194	-0.00148468476
0.000016218101	0.0029088159	-0.00142467906
0.0000165958691	0.00290352949	-0.00136709858
0.0000169824365	0.00289825268	-0.0013118453
0.0000173780083	0.00289298546	-0.00125882516
0.0000177827941	0.00288772782	-0.0012079479
0.0000181970086	0.00288247973	-0.00115912693
0.0000186208714	0.00287724118	-0.00111227912
0.0000190546072	0.00287201215	-0.00106732474
0.000019498446	0.00286679262	-0.00102418725
0.0000199526231	0.00286158258	-0.000982793231
0.0000204173794	0.002856382	-0.00094307221
0.0000208929613	0.00285119088	-0.000904956571
0.0000213796209	0.00284600919	-0.000868381431
0.0000218776162	0.00284083692	-0.000833284529
0.0000223872114	0.00283567405	-0.00079960612
0.0000229086765	0.00283052056	-0.000767288872
0.0000234422882	0.00282537644	-0.000736277773
0.0000239883292	0.00282024167	-0.000706520033
0.0000245470892	0.00281511623	-0.000677964996
0.0000251188643	0.0028100001	-0.000650564052
0.0000257039578	0.00280489327	-0.000624270557
0.0000263026799	0.00279979572	-0.000599039752
0.000026915348	0.00279470744	-0.000574828686
0.000027542287	0.0027896284	-0.000551596147
0.0000281838293	0.0027845586	-0.000529302584
0.000028840315	0.00277949801	-0.000507910048
0.0000295120923	0.00277444661	-0.000487382123
0.0000301995172	0.0027694044	-0.000467683863
0.0000309029543	0.00276437135	-0.000448781738
0.0000316227766	0.00275934744	-0.000430643569
0.0000323593657	0.00275433267	-0.000413238481
0.0000331131121	0.00274932701	-0.000396536846
0.0000338844156	0.00274433045	-0.000380510231
0.000034673685	0.00273934296	-0.000365131355
0.0000354813389	0.00273436455	-0.000350374038
0.0000363078055	0.00272939518	-0.000336213161
0.0000371535229	0.00272443484	-0.000322624615
0.0000380189396	0.00271948351	-0.000309585271
0.0000389045145	0.00271454119	-0.000297072931
0.0000398107171	0.00270960784	-0.000285066295
0.0000407380278	0.00270468346	-0.000273544925
0.0000416869383	0.00269976804	-0.000262489208
0.0000426579519	0.00269486154	-0.000251880324
0.0000436515832	0.00268996396	-0.000241700213
0.0000446683592	0.00268507528	-0.000231931546
0.000045708819	0.00268019549	-0.000222557695
0.0000467735141	0.00267532457	-0.000213562701
0.0000478630092	0.00267046249	-0.000204931253
0.0000489778819	0.00266560926	-0.000196648657
0.0000501187234	0.00266076484	-0.000188700815
0.0000512861384	0.00265592923	-0.000181074196
0.000052480746	0.00265110241	-0.000173755819
0.0000537031796	0.00264628435	-0.000166733224
0.0000549540874	0.00264147506	-0.000159994457
0.0000562341325	0.0026366745	-0.000153528048
0.0000575439937	0.00263188267	-0.000147322988
0.0000588843655	0.00262709955	-0.000141368715
0.0000602559586	0.00262232512	-0.000135655092
0.0000616595002	0.00261755937	-0.000130172394
0.0000630957344	0.00261280228	-0.000124911286
0.0000645654229	0.00260805383	-0.000119862815
0.0000660693448	0.00260331401	-0.000115018384
0.0000676082975	0.00259858281	-0.000110369748
0.0000691830971	0.00259386021	-0.000105908994
0.0000707945784	0.00258914619	-0.000101628528
0.000072443596	0.00258444073	-0.0000975210624
0.0000741310241	0.00257974383	-0.0000935796065
0.0000758577575	0.00257505547	-0.0000897974502
0.0000776247117	0.00257037562	-0.0000861681553
0.0000794328235	0.00256570428	-0.0000826855436
0.0000812830516	0.00256104143	-0.0000793436868
0.0000831763771	0.00255638705	-0.0000761368959
0.0000851138038	0.00255174113	-0.0000730597122
0.000087096359	0.00254710366	-0.0000701068974
0.0000891250938	0.00254247461	-0.0000672734249
0.0000912010839	0.00253785398	-0.0000645544713
0.0000933254301	0.00253324174	-0.0000619454082
0.0000954992586	0.00252863789	-0.0000594417942
0.0000977237221	0.0025240424	-0.0000570393674
0.0001	0.00251945526	-0.0000547340382
0.000102329299	0.00250619484	-0.0000553956463
0.000104712855	0.00249834047	-0.0000542483865
0.000107151931	0.00248691314	-0.0000542945225
0.00010964782	0.00247462726	-0.0000546679625
0.000112201845	0.0024664711	-0.0000536594701
0.000114815362	0.00245480159	-0.000053828163
0.000117489755	0.00244330892	-0.0000539735733
0.000120226443	0.00243487369	-0.0000530962276
0.000123026877	0.00242309976	-0.0000533406971
0.000125892541	0.00241224444	-0.0000533098014
0.000128824955	0.00240356064	-0.0000525532907
0.000131825674	0.00239178895	-0.0000528371655
0.000134896288	0.0023814393	-0.0000526736681
0.000138038426	0.00237252942	-0.0000520263233
0.000141253754	0.00236085258	-0.0000523219177
0.000144543977	0.00235089909	-0.0000520621512
0.000147910839	0.00234165599	-0.0000515636075
0.000151356125	0.00233027611	-0.0000517986485
0.000154881662	0.00232062907	-0.0000514723464
0.000158489319	0.00231113773	-0.0000510946064
0.00016218101	0.00230004681	-0.0000512704532
0.000165958691	0.00229063386	-0.0000509015614
0.000169824365	0.00228096851	-0.000050619443
0.000173780083	0.0022701536	-0.0000507398908
0.000177827941	0.00226091732	-0.0000503473659
0.000181970086	0.00225114151	-0.0000501392234
0.000186208714	0.00224058686	-0.0000502090489
0.000190546072	0.0022314825	-0.0000498076094
0.00019498446	0.00222164969	-0.0000496551545
0.000199526231	0.00221139091	-0.0000496640175
0.000204173794	0.00220233164	-0.00004928042
0.000208929613	0.00219248602	-0.0000491684482
0.000213796209	0.00218251318	-0.0000491168314
0.000218776162	0.00217346621	-0.0000487641909
0.000223872114	0.00216364372	-0.0000486802604
0.000229086765	0.00215391861	-0.0000485805499
0.000234422882	0.00214488698	-0.000048257559
0.000239883292	0.00213511629	-0.0000481916546
0.000245470892	0.00212560547	-0.0000480546705
0.000251188643	0.00211659411	-0.0000477593812
0.000257039578	0.00210689765	-0.0000477035839
0.000263026799	0.00209757232	-0.0000475386032
0.00026915348	0.002088577	-0.0000472710469
0.00027542287	0.00207898206	-0.0000472168841
0.000281838293	0.00206981784	-0.0000470317271
0.00028840315	0.00206082073	-0.000046798799
0.000295120923	0.0020513642	-0.0000467322739
0.000301995172	0.00204234071	-0.0000465334274
0.000309029543	0.00203335935	-0.000046328928
0.000316227766	0.00202403911	-0.0000462503616
0.000323593657	0.00201513956	-0.0000460431186
0.000331131121	0.00200618941	-0.0000458615406
0.000338844156	0.00199700217	-0.000045771653
0.00034673685	0.00198821292	-0.0000455602583
0.000354813389	0.00197930728	-0.0000453968065
0.000363078055	0.00197024905	-0.0000452965617
0.000371535229	0.00196155918	-0.0000450843543
0.000380189396	0.00195270928	-0.000044934927
0.000389045145	0.00194379161	-0.0000448205844
0.000398107171	0.00193517662	-0.0000446149668
0.000407380278	0.00192639175	-0.0000444761122
0.000416869383	0.00191760814	-0.0000443489252
0.000426579519	0.0019090634	-0.0000441517077
0.000436515832	0.00190035107	-0.0000440205671
0.000446683592	0.00189169218	-0.0000438833239
0.00045708819	0.00188321754	-0.0000436942383
0.000467735141	0.00187458369	-0.0000435684823
0.000478630092	0.00186604118	-0.0000434236431
0.000489778819	0.00185763699	-0.0000432422648
0.000501187234	0.00184908618	-0.0000431200284
0.000512861384	0.0018406527	-0.0000429697228
0.00052480746	0.00183231525	-0.0000427967158
0.000537031796	0.00182385517	-0.0000426753541
0.000549540874	0.00181552437	-0.0000425213932
0.000562341325	0.00180725055	-0.0000423577905
0.000575439937	0.00179888742	-0.0000422345847
0.000588843655	0.00179065383	-0.0000420784834
0.000602559586	0.00178244706	-0.0000419228262
0.000616595002	0.00177417977	-0.0000417978229
0.000630957344	0.00176603875	-0.0000416408271
0.000645654229	0.00175790201	-0.000041491807
0.000660693448	0.00174972917	-0.0000413651504
0.000676082975	0.00174167678	-0.0000412082667
0.000691830971	0.00173361259	-0.0000410647332
0.000707945784	0.00172553268	-0.000040936629
0.00072443596	0.0017175656	-0.0000407806546
0.000741310241	0.001709576	-0.0000406416138
0.000758577575	0.00170159212	-0.0000405108069
0.000776247117	0.00169370287	-0.0000403578545
0.000794328235	0.00168578946	-0.0000402224619
0.000812830516	0.00167789851	-0.0000400895552
0.000831763771	0.00167008623	-0.0000399397416
0.000851138038	0.00166225023	-0.0000398072903
0.00087096359	0.00165444931	-0.0000396729473
0.000891250938	0.00164671333	-0.0000395262022
0.000912010839	0.00163895558	-0.00003939611
0.000933254301	0.00163124205	-0.0000392609192
0.000954992586	0.00162358182	-0.0000391171331
0.000977237221	0.00161590283	-0.000038988928
0.001	0.00160827429	-0.0000388534013
0.00102329299	0.00160068778	-0.0000387128991
0.00104712855	0.00159308936	-0.0000385857471
0.00107151931	0.00158554362	-0.0000384503213
0.0010964782	0.00157802993	-0.0000383131894
0.00112201845	0.00157051256	-0.0000381865655
0.00114815362	0.00156304768	-0.0000380516069
0.00117489755	0.00155560707	-0.0000379174733
0.00120226443	0.00154816988	-0.0000377913763
0.00123026877	0.00154078411	-0.0000376571866
0.00125892541	0.00153341675	-0.0000375257146
0.00128824955	0.00152605881	-0.0000374001684
0.00131825674	0.00151875058	-0.0000372669911
0.00134896288	0.00151145651	-0.000037137882
0.00138038426	0.00150417715	-0.0000370128732
0.00141253754	0.00149694478	-0.0000368809535
0.00144543977	0.00148972396	-0.0000367539465
0.00147910839	0.00148252312	-0.0000366291652
0.00151356125	0.00147536442	-0.0000364990099
0.00154881662	0.00146821668	-0.0000363738807
0.00158489319	0.00146109303	-0.000036249502
0.0016218101	0.00145400721	-0.0000361210994
0.00165958691	0.00144693232	-0.0000359976578
0.00169824365	0.00143988456	-0.0000358738409
0.00173780083	0.0014328709	-0.0000357471639
0.00177827941	0.00142586851	-0.0000356252508
0.00181970086	0.00141889543	-0.0000355021365
0.00186208714	0.00141195324	-0.0000353771481
0.00190546072	0.00140502296	-0.0000352566321
0.0019498446	0.00139812339	-0.0000351343425
0.00199526231	0.00139125147	-0.0000350111627
0.00204173794	0.00138439335	-0.0000348917737
0.00208929613	0.0013775662	-0.0000347704122
0.00213796209	0.00137076392	-0.0000346490092
0.00218776162	0.00136397744	-0.0000345306464
0.00223872114	0.00135722167	-0.0000344102988
0.00229086765	0.00135048857	-0.0000342905667
0.00234422882	0.00134377297	-0.0000341732205
0.00239883292	0.00133708761	-0.0000340539563
0.00245470892	0.00133042321	-0.0000339357982
0.00251188643	0.00132377774	-0.0000338194652
0.00257039578	0.00131716186	-0.0000337013391
0.00263026799	0.00131056567	-0.0000335846678
0.0026915348	0.0013039897	-0.0000334693117
0.0027542287	0.00129744229	-0.0000333524028
0.00281838293	0.00129091379	-0.0000332371407
0.0028840315	0.00128440673	-0.0000331226947
0.00295120923	0.00127792677	-0.0000330071039
0.00301995172	0.00127146541	-0.0000328931829
0.00309029543	0.00126502643	-0.0000327796844
0.00316227766	0.00125861322	-0.0000326653997
0.00323593657	0.00125221844	-0.0000325527608
0.00331131121	0.00124584669	-0.0000324402432
0.00338844156	0.00123949954	-0.0000323272487
0.0034673685	0.00123317078	-0.0000322158408
0.00354813389	0.00122686544	-0.000032104333
0.00363078055	0.0012205837	-0.0000319926104
0.00371535229	0.00121432035	-0.0000318823899
0.00380189396	0.00120808064	-0.0000317719157
0.00389045145	0.00120186346	-0.000031661501
0.00398107171	0.00119566511	-0.0000315523747
0.00407380278	0.00118949026	-0.0000314429535
0.00416869383	0.00118333703	-0.000031333817
0.00426579519	0.00117720302	-0.0000312257622
0.00436515832	0.00117109228	-0.0000311174087
0.00446683592	0.00116500242	-0.0000310095135
0.0045708819	0.00115893209	-0.0000309025194
0.00467735141	0.00115288473	-0.0000307952439
0.00478630092	0.00114685765	-0.0000306885557
0.00489778819	0.00114085033	-0.0000305826131
0.00501187234	0.00113486565	-0.0000304764223
0.00512861384	0.00112890074	-0.0000303709093
0.0052480746	0.00112295583	-0.0000302659935
0.00537031796	0.00111703308	-0.0000301609074
0.00549540874	0.00111112976	-0.0000300565404
0.00562341325	0.00110524663	-0.0000299526321
0.00575439937	0.0010993851	-0.0000298486633
0.00588843655	0.00109354279	-0.0000297454158
0.00602559586	0.00108772075	-0.0000296425172
0.00616595002	0.00108191982	-0.0000295396544
0.00630957344	0.0010761379	-0.0000294375024
0.00645654229	0.0010703763	-0.0000293356147
0.00660693448	0.00106463533	-0.0000292338457
0.00676082975	0.00105891323	-0.0000291327674
0.00691830971	0.0010532114	-0.0000290318908
0.00707945784	0.00104752978	-0.0000289312037
0.0072443596	0.0010418669	-0.0000288311782
0.00741310241	0.0010362242	-0.0000287313115
0.00758577575	0.00103060128	-0.0000286317098
0.00776247117	0.00102499708	-0.0000285327025
0.00794328235	0.00101941287	-0.0000284338433
0.00812830516	0.00101384805	-0.0000283353087
0.00831763771	0.00100830193	-0.0000282373082
0.00851138038	0.0010027756	-0.0000281394529
0.0087096359	0.000997268302	-0.0000280419674
0.00891250938	0.000991779656	-0.0000279449632
0.00912010839	0.000986310578	-0.0000278481072
0.00933254301	0.000980860233	-0.0000277516538
0.00954992586	0.00097542847	-0.0000276556357
0.00977237221	0.000970016042	-0.0000275597732
0.01	0.000964622077	-0.0000274643356
0.0102329299	0.000959246627	-0.0000273692874
0.0104712855	0.000953890233	-0.0000272744185
0.0107151931	0.000948552081	-0.0000271799809
0.010964782	0.000943232363	-0.0000270858918
0.0112201845	0.000937931415	-0.0000269920105
0.0114815362	0.000932648513	-0.0000268985582
0.0117489755	0.000927383942	-0.0000268054214
0.0120226443	0.00092213787	-0.000026712517
0.0123026877	0.00091690966	-0.0000266200359
0.0125892541	0.000911699659	-0.0000265278443
0.0128824955	0.0009065079	-0.0000264359061
0.0131825674	0.000901333829	-0.0000263443827
0.0134896288	0.000896177829	-0.0000262531289
0.0138038426	0.000891039819	-0.0000261621471
0.0141253754	0.000885919344	-0.0000260715671
0.0144543977	0.000880816783	-0.0000259812434
0.0147910839	0.000875731963	-0.0000258912106
0.0151356125	0.000870664552	-0.0000258015579
0.0154881662	0.000865614875	-0.0000257121563
0.0158489319	0.000860582706	-0.0000256230599
0.016218101	0.000855567816	-0.0000255343239
0.0165958691	0.000850570477	-0.0000254458359
0.0169824365	0.000845590426	-0.0000253576633
0.0173780083	0.000840627521	-0.0000252698336
0.0177827941	0.000835681981	-0.0000251822505
0.0181970086	0.000830753522	-0.0000250949894
0.0186208714	0.000825842071	-0.0000250080556
0.0190546072	0.000820947798	-0.0000249213682
0.019498446	0.000816070411	-0.0000248350064
0.0199526231	0.000811209897	-0.0000247489558
0.0204173794	0.000806366361	-0.0000246631571
0.0208929613	0.000801539532	-0.0000245776826
0.0213796209	0.000796729436	-0.0000244925051
0.0218776162	0.000791936121	-0.000024407585
0.0223872114	0.000787159342	-0.0000243229859
0.0229086765	0.000782399152	-0.0000242386716
0.0234422882	0.000777655553	-0.0000241546195
0.0239883292	0.000772928322	-0.0000240708837
0.0245470892	0.000768217532	-0.0000239874229
0.0251188643	0.00076352315	-0.0000239042275
0.0257039578	0.000758844973	-0.0000238213433
0.0263026799	0.000754183087	-0.0000237387257
0.026915348	0.000749537426	-0.0000236563765
0.027542287	0.000744907819	-0.0000235743311
0.0281838293	0.000740294347	-0.0000234925462
0.028840315	0.00073569692	-0.0000234110323
0.0295120923	0.000731115406	-0.0000233298131
0.0301995172	0.000726549867	-0.00002324885
0.0309029543	0.0007220002	-0.0000231681591
0.0316227766	0.000717466305	-0.0000230877543
0.0323593657	0.000712948226	-0.0000230076018
0.0331131121	0.000708445852	-0.0000229277213
0.0338844156	0.000703959111	-0.0000228481188
0.034673685	0.000699488028	-0.0000227687651
0.0354813389	0.00069503249	-0.0000226896821
0.0363078055	0.000690592445	-0.0000226108695
0.0371535229	0.000686167903	-0.0000225323023
0.0380189396	0.000681758752	-0.0000224540036
0.0389045145	0.000677364957	-0.000022375967
0.0398107171	0.000672986512	-0.0000222981745
0.0407380278	0.000668623307	-0.0000222206463
0.0416869383	0.000664275324	-0.0000221433724
0.0426579519	0.000659942541	-0.0000220663408
0.0436515832	0.000655624854	-0.0000219895688
0.0446683592	0.000651322255	-0.0000219130439
0.045708819	0.00064703471	-0.0000218367587
0.0467735141	0.000642762123	-0.0000217607278
0.0478630092	0.000638504491	-0.0000216849373
0.0489778819	0.000634261774	-0.0000216093833
0.0501187234	0.000630033879	-0.0000215340778
0.0512861384	0.000625820811	-0.000021459006
0.052480746	0.00062162252	-0.0000213841673
0.0537031796	0.000617438926	-0.0000213095704
0.0549540874	0.00061327003	-0.0000212352007
0.0562341325	0.000609115778	-0.0000211610602
0.0575439937	0.000604976105	-0.0000210871539
0.0588843655	0.000600851005	-0.0000210134687
0.0602559586	0.000596740422	-0.0000209400079
0.0616595002	0.000592644304	-0.0000208667735
0.0630957344	0.000588562637	-0.0000207937536
0.0645654229	0.000584495369	-0.0000207209526
0.0660693448	0.000580442456	-0.0000206483699
0.0676082975	0.000576403879	-0.0000205759948
0.0691830971	0.000572379587	-0.0000205038322
0.0707945784	0.000568369546	-0.0000204318794
0.072443596	0.000564373733	-0.000020360127
0.0741310241	0.000560392098	-0.0000202885797
0.0758577575	0.000556424616	-0.000020217233
0.0776247117	0.000552471261	-0.0000201460794
0.0794328235	0.000548531985	-0.0000200751224
0.0812830516	0.00054460677	-0.0000200043564
0.0831763771	0.000540695589	-0.0000199337752
0.0851138038	0.000536798397	-0.0000198633814
0.087096359	0.00053291518	-0.0000197931683
0.0891250938	0.000529045913	-0.000019723131
0.0912010839	0.000525190552	-0.0000196532708
0.0933254301	0.00052134909	-0.0000195835804
0.0954992586	0.000517521504	-0.0000195140558
0.0977237221	0.00051370775	-0.0000194446971
0.1	0.000509907828	-0.0000193754965
0.102329299	0.000506121715	-0.0000193064506
0.104712855	0.000502349375	-0.0000192375582
0.107151931	0.000498590808	-0.0000191688114
0.10964782	0.000494845992	-0.0000191002073
0.112201845	0.000491114904	-0.0000190317431
0.114815362	0.000487397539	-0.000018963411
0.117489755	0.000483693882	-0.0000188952082
0.120226443	0.000480003915	-0.0000188271308
0.123026877	0.000476327636	-0.0000187591709
0.125892541	0.000472665033	-0.0000186913255
0.128824955	0.000469016097	-0.0000186235899
0.131825674	0.000465380825	-0.000018555956
0.134896288	0.000461759211	-0.0000184884208
0.138038426	0.000458151254	-0.0000184209782
0.141253754	0.000454556951	-0.0000183536206
0.144543977	0.000450976303	-0.0000182863443
0.147910839	0.000447409314	-0.0000182191425
0.151356125	0.000443855987	-0.0000181520078
0.154881662	0.000440316325	-0.0000180849356
0.158489319	0.000436790339	-0.0000180179187
0.16218101	0.000433278038	-0.0000179509497
0.165958691	0.000429779427	-0.0000178840235
0.169824365	0.000426294525	-0.0000178171323
0.173780083	0.000422823346	-0.0000177502688
0.177827941	0.000419365897	-0.0000176834273
0.181970086	0.000415922206	-0.0000176165996
0.186208714	0.000412492291	-0.0000175497785
0.190546072	0.000409076163	-0.0000174829579
0.19498446	0.000405673856	-0.0000174161294
0.199526231	0.000402285391	-0.0000173492858
0.204173794	0.000398910788	-0.0000172824208
0.208929613	0.000395550081	-0.0000172155258
0.213796209	0.000392203298	-0.0000171485941
0.218776162	0.000388870464	-0.0000170816189
0.223872114	0.000385551613	-0.000017014592
0.229086765	0.000382246781	-0.0000169475069
0.234422882	0.000378955997	-0.0000168803571
0.239883292	0.000375679296	-0.0000168131346
0.245470892	0.000372416716	-0.0000167458336
0.251188643	0.000369168293	-0.0000166784477
0.257039578	0.000365934059	-0.0000166109699
0.263026799	0.000362714057	-0.0000165433949
0.26915348	0.000359508325	-0.000016475717
0.27542287	0.000356316895	-0.0000164079303
0.281838293	0.00035313981	-0.0000163400303
0.28840315	0.000349977107	-0.0000162720124
0.295120923	0.000346828821	-0.0000162038719
0.301995172	0.00034369499	-0.0000161356057
0.309029543	0.000340575652	-0.0000160672102
0.316227766	0.000337470841	-0.0000159986824
0.323593657	0.000334380588	-0.0000159300205
0.331131121	0.000331304931	-0.0000158612227
0.338844156	0.000328243901	-0.0000157922875
0.34673685	0.000325197523	-0.0000157232148
0.354813389	0.000322165831	-0.0000156540043
0.363078055	0.000319148852	-0.0000155846566
0.371535229	0.000316146605	-0.0000155151729
0.380189396	0.000313159118	-0.0000154455548
0.389045145	0.000310186412	-0.0000153758044
0.398107171	0.000307228503	-0.0000153059245
0.407380278	0.00030428541	-0.0000152359181
0.416869383	0.00030135715	-0.0000151657886
0.426579519	0.000298443734	-0.0000150955401
0.436515832	0.000295545174	-0.0000150251763
0.446683592	0.000292661483	-0.0000149547018
0.45708819	0.000289792669	-0.0000148841209
0.467735141	0.000286938738	-0.0000148134377
0.478630092	0.000284099702	-0.0000147426569
0.489778819	0.000281275567	-0.0000146717826
0.501187234	0.000278466337	-0.0000146008186
0.512861384	0.000275672022	-0.0000145297686
0.52480746	0.000272892632	-0.000014458636
0.537031796	0.000270128169	-0.0000143874232
0.549540874	0.000267378648	-0.0000143161327
0.562341325	0.00026464408	-0.0000142447662
0.575439937	0.000261924474	-0.0000141733246
0.588843655	0.000259219844	-0.0000141018086
0.602559586	0.000256530209	-0.0000140302183
0.616595002	0.000253855583	-0.0000139585531
0.630957344	0.000251195983	-0.0000138868122
0.645654229	0.000248551431	-0.0000138149945
0.660693448	0.000245921947	-0.0000137430985
0.676082975	0.000243307547	-0.0000136711229
0.691830971	0.000240708256	-0.0000135990663
0.707945784	0.000238124096	-0.0000135269276
0.72443596	0.000235555079	-0.0000134547061
0.741310241	0.000233001229	-0.0000133824014
0.758577575	0.000230462562	-0.0000133100138
0.776247117	0.000227939089	-0.0000132375442
0.794328235	0.000225430825	-0.000013164994
0.812830516	0.000222937782	-0.0000130923653
0.831763771	0.000220459964	-0.0000130196608
0.851138038	0.000217997379	-0.0000129468833
0.87096359	0.000215550034	-0.0000128740361
0.891250938	0.000213117933	-0.0000128011224
0.912010839	0.000210701076	-0.0000127281453
0.933254301	0.000208299473	-0.0000126551075
0.954992586	0.000205913129	-0.0000125820114
0.977237221	0.000203542045	-0.0000125088587
1.	0.000201186234	-0.0000124356504
1.02329299	0.000198845707	-0.0000123623874
1.04712855	0.000196520471	-0.0000122890695
1.07151931	0.000194210538	-0.0000122156968
1.0964782	0.000191915923	-0.0000121422693
1.12201845	0.000189636632	-0.0000120687871
1.14815362	0.000187372677	-0.0000119952508
1.17489755	0.000185124066	-0.0000119216617
1.20226443	0.000182890803	-0.0000118480217
1.23026877	0.000180672889	-0.0000117743333
1.25892541	0.000178470329	-0.0000117005995
1.28824955	0.00017628312	-0.0000116268235
1.31825674	0.000174111259	-0.0000115530082
1.34896288	0.00017195475	-0.0000114791563
1.38038426	0.000169813594	-0.0000114052698
1.41253754	0.00016768779	-0.0000113313502
1.44543977	0.000165577345	-0.0000112573985
1.47910839	0.000163482264	-0.0000111834152
1.51356125	0.000161402549	-0.0000111094011
1.54881662	0.000159338203	-0.0000110353575
1.58489319	0.000157289229	-0.0000109612863
1.6218101	0.000155255622	-0.00001088719
1.65958691	0.000153237377	-0.0000108130717
1.69824365	0.000151234491	-0.0000107389348
1.73780083	0.000149246957	-0.0000106647822
1.77827941	0.000147274769	-0.0000105906164
1.81970086	0.000145317928	-0.0000105164391
1.86208714	0.000143376431	-0.0000104422516
1.90546072	0.000141450273	-0.0000103680551
1.9498446	0.000139539455	-0.0000102938515
1.99526231	0.000137643971	-0.0000102196431
2.04173794	0.000135763808	-0.000010145433
2.08929613	0.000133898958	-0.0000100712248
2.13796209	0.000132049413	-9.99702174e-6
2.18776162	0.00013021516	-9.92282619e-6
2.23872114	0.000128396194	-9.84864009e-6
2.29086765	0.000126592508	-9.77446515e-6
2.34422882	0.000124804093	-9.7003034e-6
2.39883292	0.000123030935	-9.62615772e-6
2.45470892	0.000121273024	-9.55203176e-6
2.51188643	0.000119530342	-9.47792911e-6
2.57039578	0.000117802874	-9.40385268e-6
2.63026799	0.00011609061	-9.32980478e-6
2.6915348	0.000114393538	-9.2557874e-6
2.7542287	0.000112711641	-9.18180303e-6
2.81838293	0.000111044904	-9.10785527e-6
2.8840315	0.000109393308	-9.03394806e-6
2.95120923	0.00010775683	-8.96008479e-6
3.01995172	0.000106135456	-8.88626807e-6
3.09029543	0.000104529169	-8.81250024e-6
3.16227766	0.000102937949	-8.73878431e-6
3.23593657	0.000101361772	-8.66512419e-6
3.31131121	0.0000998006167	-8.59152396e-6
3.38844156	0.0000982544602	-8.51798671e-6
3.4673685	0.0000967232789	-8.44451492e-6
3.54813389	0.0000952070528	-8.37111189e-6
3.63078055	0.0000937057545	-8.29778188e-6
3.71535229	0.0000922193526	-8.22452894e-6
3.80189396	0.0000907478249	-8.15135618e-6
3.89045145	0.0000892911469	-8.07826636e-6
3.98107171	0.0000878492867	-8.00526328e-6
4.07380278	0.0000864222133	-7.93235168e-6
4.16869383	0.0000850098975	-7.85953539e-6
4.26579519	0.0000836123085	-7.78681728e-6
4.36515832	0.0000822294142	-7.71420116e-6
4.46683592	0.000080861181	-7.64169176e-6
4.5708819	0.0000795075741	-7.56929294e-6
4.67735141	0.0000781685582	-7.49700798e-6
4.78630092	0.0000768440991	-7.42484139e-6
4.89778819	0.0000755341583	-7.3527977e-6
5.01187234	0.0000742386964	-7.28088016e-6
5.12861384	0.0000729576782	-7.20909304e-6
5.2480746	0.0000716910604	-7.13744161e-6
5.37031796	0.0000704388004	-7.06592959e-6
5.49540874	0.0000692008605	-6.99456057e-6
5.62341325	0.000067977196	-6.92333981e-6
5.75439937	0.0000667677607	-6.85227156e-6
5.88843655	0.0000655725122	-6.78135955e-6
6.02559586	0.0000643914023	-6.71060951e-6
6.16595002	0.0000632243833	-6.64002557e-6
6.30957344	0.0000620714087	-6.56961133e-6
6.45654229	0.0000609324275	-6.49937274e-6
6.60693448	0.0000598073898	-6.42931411e-6
6.76082975	0.0000586962422	-6.35943971e-6
6.91830971	0.0000575989338	-6.28975483e-6
7.07945784	0.0000565154116	-6.2202639e-6
7.2443596	0.0000554456171	-6.1509719e-6
7.41310241	0.0000543894983	-6.08188322e-6
7.58577575	0.0000533469949	-6.01300397e-6
7.76247117	0.0000523180485	-5.94433825e-6
7.94328235	0.0000513026015	-5.87589083e-6
8.12830516	0.0000503005926	-5.80766733e-6
8.31763771	0.0000493119598	-5.7396724e-6
8.51138038	0.0000483366392	-5.67191127e-6
8.7096359	0.000047374569	-5.60438894e-6
8.91250938	0.0000464256813	-5.53711123e-6
9.12010839	0.0000454899128	-5.47008163e-6
9.33254301	0.0000445671936	-5.40330702e-6
9.54992586	0.0000436574572	-5.3367919e-6
9.77237221	0.000042760629	-5.27054203e-6
10.	0.0000418766445	-5.2045616e-6
10.2329299	0.0000410054282	-5.13885705e-6
10.4712855	0.0000401469079	-5.07343249e-6
10.7151931	0.0000393010082	-5.00829417e-6
10.964782	0.0000384676554	-4.94344712e-6
11.2201845	0.0000376467693	-4.87889721e-6
11.4815362	0.0000368382769	-4.81464831e-6
11.7489755	0.0000360420962	-4.75070731e-6
12.0226443	0.0000352581489	-4.68707867e-6
12.3026877	0.0000344863512	-4.62376828e-6
12.5892541	0.0000337266246	-4.56078095e-6
12.8824955	0.0000329788828	-4.49812291e-6
13.1825674	0.0000322430438	-4.43579797e-6
13.4896288	0.0000315190204	-4.37381286e-6
13.8038426	0.0000308067279	-4.31217242e-6
14.1253754	0.0000301060748	-4.25088231e-6
14.4543977	0.0000294169777	-4.18994686e-6
14.7910839	0.0000287393439	-4.12937245e-6
15.1356125	0.0000280730839	-4.06916338e-6
15.4881662	0.0000274181045	-4.00932563e-6
15.8489319	0.000026774315	-3.94986408e-6
16.218101	0.000026141619	-3.89078443e-6
16.5958691	0.0000255199253	-3.83209048e-6
16.9824365	0.0000249091358	-3.77378879e-6
17.3780083	0.0000243091555	-3.71588372e-6
17.7827941	0.0000237198841	-3.65838065e-6
18.1970086	0.0000231412272	-3.60128399e-6
18.6208714	0.0000225730831	-3.54459954e-6
19.0546072	0.0000220153529	-3.4883309e-6
19.498446	0.0000214679349	-3.43248398e-6
19.9526231	0.0000209307285	-3.37706322e-6
20.4173794	0.0000204036283	-3.32207366e-6
20.8929613	0.0000198865352	-3.26751889e-6
21.3796209	0.0000193793426	-3.21340465e-6
21.8776162	0.0000188819468	-3.15973459e-6
22.3872114	0.000018394241	-3.10651365e-6
22.9086765	0.0000179161212	-3.05374587e-6
23.4422882	0.0000174474782	-3.0014361e-6
23.9883292	0.0000169882073	-2.94958723e-6
24.5470892	0.0000165381986	-2.89820465e-6
25.1188643	0.0000160973449	-2.84729185e-6
25.7039578	0.0000156655338	-2.79685311e-6
26.3026799	0.0000152426594	-2.74689177e-6
26.915348	0.0000148286095	-2.69741224e-6
27.542287	0.0000144232758	-2.64841675e-6
28.1838293	0.0000140265491	-2.59990881e-6
28.840315	0.0000136383221	-2.55189067e-6
29.5120923	0.0000132584833	-2.50436529e-6
30.1995172	0.0000128869256	-2.45733454e-6
30.9029543	0.000012523535	-2.41080251e-6
31.6227766	0.0000121682014	-2.36477133e-6
32.3593657	0.0000118208112	-2.31924407e-6
33.1131121	0.0000114812551	-2.27422289e-6
33.8844156	0.000011149419	-2.22971079e-6
34.673685	0.0000108251932	-2.1857088e-6
35.4813389	0.0000105084646	-2.14221997e-6
36.3078055	0.000010199123	-2.09924576e-6
37.1535229	9.89705416e-6	-2.05678811e-6
38.0189396	9.6021504e-6	-2.0148479e-6
38.9045145	9.31429859e-6	-1.97342722e-6
39.8107171	9.03338884e-6	-1.93252652e-6
40.7380278	8.75930975e-6	-1.89214731e-6
41.6869383	8.49195267e-6	-1.85229013e-6
42.6579519	8.23120581e-6	-1.812956e-6
43.6515832	7.9769625e-6	-1.77414444e-6
44.6683592	7.72911213e-6	-1.73585666e-6
45.708819	7.48754769e-6	-1.69809218e-6
46.7735141	7.25215968e-6	-1.66085113e-6
47.8630092	7.02284359e-6	-1.62413285e-6
48.9778819	6.79949118e-6	-1.58793739e-6
50.1187234	6.58199778e-6	-1.55226321e-6
51.2861384	6.37025725e-6	-1.51711032e-6
52.480746	6.16416567e-6	-1.48247756e-6
53.7031796	5.96361656e-6	-1.44836422e-6
54.9540874	5.76850881e-6	-1.41476862e-6
56.2341325	5.57873731e-6	-1.38169029e-6
57.5439937	5.39420044e-6	-1.34912729e-6
58.8843655	5.21479578e-6	-1.31707839e-6
60.2559586	5.04042442e-6	-1.28554148e-6
61.6595002	4.8709852e-6	-1.25451492e-6
63.0957344	4.70638156e-6	-1.22399572e-6
64.5654229	4.54651437e-6	-1.19398238e-6
66.0693448	4.39128805e-6	-1.16447198e-6
67.6082975	4.24060574e-6	-1.13546191e-6
69.1830971	4.09437732e-6	-1.10694832e-6
70.7945784	3.95251422e-6	-1.07892668e-6
72.443596	3.81493813e-6	-1.0513891e-6
74.1310241	3.68157938e-6	-1.02432607e-6
75.8577575	3.55238502e-6	-9.97723087e-7
77.6247117	3.42732326e-6	-9.71559378e-7
79.4328235	3.30640206e-6	-9.45803088e-7
81.2830516	3.1896769e-6	-9.20409135e-7
83.1763771	3.0772762e-6	-8.95311481e-7
85.1138038	2.96942015e-6	-8.70418863e-7
87.096359	2.86642357e-6	-8.45615962e-7
89.1250938	2.76861662e-6	-8.20789981e-7
91.2010839	2.67616678e-6	-7.95888801e-7
93.3254301	2.58875067e-6	-7.71023285e-7
95.4992586	2.50531699e-6	-7.46532341e-7
97.7237221	2.42408824e-6	-7.22967145e-7
100.	2.34300412e-6	-7.00931651e-7
102.329299	2.26041122e-6	-6.80857197e-7
104.712855	2.17558144e-6	-6.62846007e-7
107.151931	2.08886081e-6	-6.46646855e-7
109.64782	2.00132672e-6	-6.31789922e-7
112.201845	1.9143249e-6	-6.17749776e-7
114.815362	1.82908592e-6	-6.04074627e-7
117.489755	1.74652138e-6	-5.90446261e-7
120.226443	1.66721024e-6	-5.76674768e-7
123.026877	1.59143597e-6	-5.62678489e-7
125.892541	1.51926863e-6	-5.4845018e-7
128.824955	1.45064931e-6	-5.34024526e-7
131.825674	1.38544141e-6	-5.19458945e-7
134.896288	1.32346674e-6	-5.04820466e-7
138.038426	1.264542e-6	-4.90173246e-7
141.253754	1.20848226e-6	-4.75577584e-7
144.543977	1.15510892e-6	-4.61087825e-7
147.910839	1.1042587e-6	-4.46749689e-7
151.356125	1.05578092e-6	-4.32601692e-7
154.881662	1.00953721e-6	-4.1867586e-7
158.489319	9.65406816e-7	-4.04996466e-7
162.18101	9.23271509e-7	-3.91585224e-7
165.958691	8.83023934e-7	-3.78458864e-7
169.824365	8.44570776e-7	-3.65628651e-7
173.780083	8.07818858e-7	-3.53104914e-7
177.827941	7.72688874e-7	-3.40892683e-7
181.970086	7.39101094e-7	-3.28997117e-7
186.208714	7.06979931e-7	-3.1742149e-7
190.546072	6.7625859e-7	-3.06165886e-7
194.98446	6.46869322e-7	-2.95230985e-7
199.526231	6.1875746e-7	-2.8461305e-7
204.173794	5.91865416e-7	-2.74309453e-7
208.929613	5.66135871e-7	-2.64317775e-7
213.796209	5.41518283e-7	-2.54633621e-7
218.776162	5.17958563e-7	-2.45253843e-7
223.872114	4.95417563e-7	-2.36170782e-7
229.086765	4.73844976e-7	-2.2738098e-7
234.422882	4.53205205e-7	-2.18876314e-7
239.883292	4.33451974e-7	-2.1065266e-7
245.470892	4.14551546e-7	-2.0270225e-7
251.188643	3.96463351e-7	-1.95019997e-7
257.039578	3.79155774e-7	-1.87598049e-7
263.026799	3.6259396e-7	-1.80430469e-7
269.15348	3.46747816e-7	-1.73509958e-7
275.42287	3.31584617e-7	-1.66830559e-7
281.838293	3.17076165e-7	-1.60385307e-7
288.40315	3.03194748e-7	-1.54167624e-7
295.120923	2.89912559e-7	-1.48171182e-7
301.995172	2.77206144e-7	-1.42388868e-7
309.029543	2.65049492e-7	-1.36814773e-7
316.227766	2.53420211e-7	-1.31442278e-7
323.593657	2.42293739e-7	-1.26265765e-7
331.131121	2.31651239e-7	-1.21278388e-7
338.844156	2.21470759e-7	-1.16474525e-7
346.73685	2.11733067e-7	-1.1184814e-7
354.813389	2.02418925e-7	-1.07393618e-7
363.078055	1.93508656e-7	-1.03105928e-7
371.535229	1.84989075e-7	-9.8978057e-8
380.189396	1.76839285e-7	-9.50061957e-8
389.045145	1.69046819e-7	-9.11839306e-8
398.107171	1.6159232e-7	-8.75075236e-8
407.380278	1.54465303e-7	-8.39706412e-8
416.869383	1.4765003e-7	-8.05690642e-8
426.579519	1.41131947e-7	-7.72984595e-8
436.515832	1.34900696e-7	-7.41534101e-8
446.683592	1.2894065e-7	-7.11306417e-8
457.08819	1.23245735e-7	-6.82239153e-8
467.735141	1.17796198e-7	-6.54318412e-8
478.630092	1.12589133e-7	-6.27477888e-8
489.778819	1.07609055e-7	-6.01695095e-8
501.187234	1.0284987e-7	-5.7691897e-8
512.861384	9.82988863e-8	-5.53123311e-8
524.80746	9.39473911e-8	-5.30271587e-8
537.031796	8.97898709e-8	-5.08317686e-8
549.540874	8.58137527e-8	-4.87242693e-8
562.341325	8.20135909e-8	-4.67005785e-8
575.439937	7.83811952e-8	-4.47577169e-8
588.843655	7.49086982e-8	-4.2892836e-8
602.559586	7.15901689e-8	-4.11026694e-8
616.595002	6.84170605e-8	-3.93849791e-8
630.957344	6.53855522e-8	-3.77361636e-8
645.654229	6.24877922e-8	-3.61541479e-8
660.693448	5.97164792e-8	-3.46368797e-8
676.082975	5.70704128e-8	-3.31803774e-8
691.830971	5.45395837e-8	-3.17838337e-8
707.945784	5.21216358e-8	-3.04440303e-8
724.43596	4.98101697e-8	-2.91592139e-8
741.310241	4.76015447e-8	-2.79269182e-8
758.577575	4.54905731e-8	-2.67453077e-8
776.247117	4.34731415e-8	-2.56123227e-8
794.328235	4.15450331e-8	-2.45260836e-8
812.830516	3.97028173e-8	-2.34845847e-8
831.763771	3.794138e-8	-2.24864889e-8
851.138038	3.62590049e-8	-2.15294561e-8
870.96359	3.46511226e-8	-2.06122105e-8
891.250938	3.3113458e-8	-1.97335039e-8
912.010839	3.16455838e-8	-1.88908799e-8
933.254301	3.02418963e-8	-1.80837422e-8
954.992586	2.89005562e-8	-1.73103373e-8
977.237221	2.76190276e-8	-1.65692062e-8
1000.	2.63941934e-8	-1.58592184e-8
1023.29299	2.52236279e-8	-1.51790824e-8
1047.12855	2.41052862e-8	-1.45274556e-8
1071.51931	2.30363538e-8	-1.39033464e-8
1096.4782	2.20147779e-8	-1.33055954e-8
1122.01845	2.10389708e-8	-1.27329409e-8
1148.15362	2.01060178e-8	-1.21846523e-8
1174.89755	1.92147176e-8	-1.1659501e-8
1202.26443	1.83628899e-8	-1.11566406e-8
1230.26877	1.75489336e-8	-1.06750986e-8
1258.92541	1.67710968e-8	-1.02140227e-8
1288.24955	1.60276761e-8	-9.77260056e-9
1318.25674	1.53174109e-8	-9.34991776e-9
1348.96288	1.46385636e-8	-8.94529296e-9
1380.38426	1.39898844e-8	-8.55792607e-9
1412.53754	1.33699694e-8	-8.18711201e-9
1445.43977	1.27775778e-8	-7.83215191e-9
1479.10839	1.22114636e-8	-7.49239175e-9
1513.56125	1.16704867e-8	-7.16718157e-9
1548.81662	1.11534825e-8	-6.85592715e-9
1584.89319	1.06594011e-8	-6.55804044e-9
1621.8101	1.01873278e-8	-6.27292133e-9
1659.58691	9.73609685e-9	-6.00009287e-9
1698.24365	9.30489966e-9	-5.73900124e-9
1737.80083	8.89287657e-9	-5.48913831e-9
1778.27941	8.49906747e-9	-5.25006205e-9
1819.70086	8.12275965e-9	-5.02128764e-9
1862.08714	7.76311864e-9	-4.80239634e-9
1905.46072	7.41942524e-9	-4.59295746e-9
1949.8446	7.09097984e-9	-4.39256947e-9
1995.26231	6.77708318e-9	-4.20085494e-9
2041.73794	6.47710785e-9	-4.01743486e-9
2089.29613	6.19042408e-9	-3.84196057e-9
2137.96209	5.91645929e-9	-3.67408808e-9
2187.76162	5.65460665e-9	-3.51350454e-9
2238.72114	5.40438155e-9	-3.35987989e-9
2290.86765	5.16525424e-9	-3.21292225e-9
2344.22882	4.93667823e-9	-3.07236315e-9
2398.83292	4.71827032e-9	-2.93789759e-9
2454.70892	4.5095282e-9	-2.80928293e-9
2511.88643	4.31001158e-9	-2.68627175e-9
2570.39578	4.11935851e-9	-2.568604e-9
2630.26799	3.93713585e-9	-2.45606542e-9
2691.5348	3.76298806e-9	-2.34842895e-9
2754.2287	3.59654258e-9	-2.24548582e-9
2818.38293	3.43747553e-9	-2.14702876e-9
2884.0315	3.28545048e-9	-2.0528675e-9
2951.20923	3.14015121e-9	-1.96281656e-9
3019.95172	3.0012842e-9	-1.87669643e-9
3090.29543	2.86856228e-9	-1.79433876e-9
3162.27766	2.74172199e-9	-1.71557667e-9
3235.93657	2.62048226e-9	-1.64026066e-9
3311.31121	2.50462794e-9	-1.56823109e-9
3388.44156	2.39387039e-9	-1.49936218e-9
3467.3685	2.28804615e-9	-1.43349431e-9
3548.13389	2.18688033e-9	-1.37051743e-9
3630.78055	2.09021841e-9	-1.31028828e-9
3715.35229	1.99779915e-9	-1.25270715e-9
3801.89396	1.90949884e-9	-1.197638e-9
3890.45145	1.82507984e-9	-1.14499026e-9
3981.07171	1.74442375e-9	-1.09463972e-9
4073.80278	1.66730957e-9	-1.0465048e-9
4168.69383	1.59362938e-9	-1.00047293e-9
4265.79519	1.52318478e-9	-9.56467528e-10
4365.15832	1.45587825e-9	-9.14384641e-10
4466.83592	1.39153298e-9	-8.74153608e-10
4570.8819	1.33004842e-9	-8.35683153e-10
4677.35141	1.27126765e-9	-7.98906002e-10
4786.30092	1.21509962e-9	-7.63739227e-10
4897.78819	1.16140388e-9	-7.30120759e-10
5011.87234	1.11009491e-9	-6.97974179e-10
5128.61384	1.06104534e-9	-6.67243025e-10
5248.0746	1.01417292e-9	-6.37859452e-10
5370.31796	9.69364339e-10	-6.09769719e-10
5495.40874	9.26544401e-10	-5.82912036e-10
5623.41325	8.85612785e-10	-5.57236748e-10
5754.39937	8.46495556e-10	-5.32688552e-10
5888.43655	8.09103286e-10	-5.09221128e-10
6025.59586	7.73368211e-10	-4.86784507e-10
6165.95002	7.39208839e-10	-4.65336103e-10
6309.57344	7.06563351e-10	-4.44829728e-10
6456.54229	6.75358297e-10	-4.2522656e-10
6606.93448	6.45535055e-10	-4.06485238e-10
6760.82975	6.17027222e-10	-3.88569356e-10
6918.30971	5.8978164e-10	-3.71441366e-10
7079.45784	5.63738639e-10	-3.55067966e-10
7244.3596	5.38848258e-10	-3.39414653e-10
7413.10241	5.15056488e-10	-3.24451032e-10
7585.77575	4.92317496e-10	-3.10145948e-10
7762.47117	4.70581838e-10	-2.9647125e-10
7943.28235	4.49807891e-10	-2.83398369e-10
8128.30516	4.29951108e-10	-2.70901652e-10
8317.63771	4.10972435e-10	-2.58955166e-10
8511.38038	3.92831355e-10	-2.47535214e-10
8709.6359	3.75492491e-10	-2.36618248e-10
8912.50938	3.58918815e-10	-2.26182628e-10
9120.10839	3.43077786e-10	-2.1620659e-10
9332.54301	3.27935866e-10	-2.06670478e-10
9549.92586	3.13463065e-10	-1.97554623e-10
9772.37221	2.99628374e-10	-1.88840828e-10
10000.	2.86404615e-10	-1.8051119e-10
10232.9299	2.73764364e-10	-1.7254903e-10
10471.2855	2.61681981e-10	-1.64938073e-10
10715.1931	2.50132845e-10	-1.57662827e-10
10964.782	2.39093421e-10	-1.50708484e-10
11220.1845	2.28541214e-10	-1.4406089e-10
11481.5362	2.18454721e-10	-1.37706515e-10
11748.9755	2.08813387e-10	-1.31632424e-10
12022.6443	1.99597566e-10	-1.25826255e-10
12302.6877	1.90788478e-10	-1.20276191e-10
12589.2541	1.82368173e-10	-1.14970933e-10
12882.4955	1.74319492e-10	-1.09899686e-10
13182.5674	1.66626033e-10	-1.05052125e-10
13489.6288	1.59272119e-10	-1.00418386e-10
13803.8426	1.52242765e-10	-9.59890355e-11
14125.3754	1.45523646e-10	-9.17550594e-11
14454.3977	1.3910107e-10	-8.77078396e-11
14791.0839	1.32961949e-10	-8.38391383e-11
15135.6125	1.27093774e-10	-8.01410815e-11
15488.1662	1.21484587e-10	-7.66061421e-11
15848.9319	1.16122956e-10	-7.32271251e-11
16218.101	1.10997958e-10	-6.99971531e-11
16595.8691	1.06099147e-10	-6.69096518e-11
16982.4365	1.01416541e-10	-6.39583369e-11
17378.0083	9.69405988e-11	-6.11372015e-11
17782.7941	9.26621989e-11	-5.84405033e-11
18197.0086	8.85726228e-11	-5.58627538e-11
18620.8714	8.46635372e-11	-5.3398706e-11
19054.6072	8.0926976e-11	-5.10433449e-11
19498.446	7.73553252e-11	-4.87918762e-11
19952.6231	7.39413064e-11	-4.66397175e-11
20417.3794	7.06779628e-11	-4.45824883e-11
20892.9613	6.75586444e-11	-4.26160013e-11
21379.6209	6.45769948e-11	-4.0736254e-11
21877.6162	6.1726938e-11	-3.89394203e-11
22387.2114	5.90026663e-11	-3.72218432e-11
22908.6765	5.63986283e-11	-3.55800265e-11
23442.2882	5.39095175e-11	-3.40106287e-11
23988.3292	5.15302617e-11	-3.25104554e-11
24547.0892	4.92560126e-11	-3.10764532e-11
25118.8643	4.70821358e-11	-2.97057033e-11
25703.9578	4.50042013e-11	-2.83954157e-11
26302.6799	4.3017975e-11	-2.71429236e-11
26915.348	4.11194092e-11	-2.59456776e-11
27542.287	3.93046352e-11	-2.48012408e-11
28183.8293	3.75699549e-11	-2.3707284e-11
28840.315	3.59118333e-11	-2.26615804e-11
29512.0923	3.43268917e-11	-2.16620018e-11
30199.5172	3.28119004e-11	-2.07065135e-11
30902.9543	3.1363772e-11	-1.97931708e-11
31622.7766	2.99795556e-11	-1.89201147e-11
32359.3657	2.86564306e-11	-1.80855682e-11
33113.1121	2.73917007e-11	-1.72878327e-11
33884.4156	2.61827888e-11	-1.65252844e-11
34673.685	2.50272312e-11	-1.57963714e-11
35481.3389	2.39226733e-11	-1.509961e-11
36307.8055	2.28668642e-11	-1.44335819e-11
37153.5229	2.18576525e-11	-1.37969317e-11
38018.9396	2.08929815e-11	-1.31883634e-11
38904.5145	1.99708856e-11	-1.26066385e-11
39810.7171	1.90894857e-11	-1.20505728e-11
40738.0278	1.82469856e-11	-1.15190347e-11
41686.9383	1.74416687e-11	-1.10109421e-11
42657.9519	1.66718939e-11	-1.05252609e-11
43651.5832	1.59360925e-11	-1.00610026e-11
44668.3592	1.52327651e-11	-9.61722233e-12
45708.819	1.45604785e-11	-9.19301669e-12
46773.5141	1.39178628e-11	-8.78752232e-12
47863.0092	1.33036085e-11	-8.39991389e-12
48977.8819	1.27164638e-11	-8.02940246e-12
50118.7234	1.21552323e-11	-7.6752339e-12
51286.1384	1.16187703e-11	-7.33668735e-12
52480.746	1.11059847e-11	-7.01307373e-12
53703.1796	1.06158304e-11	-6.70373437e-12
54954.0874	1.01473088e-11	-6.40803965e-12
56234.1325	9.69946501e-12	-6.12538771e-12
57543.9937	9.27138646e-12	-5.85520326e-12
58884.3655	8.86220083e-12	-5.59693635e-12
60255.9586	8.47107431e-12	-5.35006134e-12
61659.5002	8.09720985e-12	-5.11407572e-12
63095.7344	7.73984562e-12	-4.88849918e-12
64565.4229	7.39825339e-12	-4.67287258e-12
66069.3448	7.07173708e-12	-4.46675705e-12
67608.2975	6.75963131e-12	-4.26973306e-12
69183.0971	6.4613001e-12	-4.0813996e-12
70794.5784	6.17613551e-12	-3.90137332e-12
72443.596	5.90355644e-12	-3.72928782e-12
74131.0241	5.64300745e-12	-3.56479283e-12
75857.7575	5.39395758e-12	-3.40755354e-12
77624.7117	5.15589935e-12	-3.25724991e-12
79432.8235	4.92834763e-12	-3.11357602e-12
81283.0516	4.71083874e-12	-2.97623943e-12
83176.3771	4.50292944e-12	-2.84496062e-12
85113.8038	4.30419605e-12	-2.71947238e-12
87096.359	4.11423362e-12	-2.59951929e-12
89125.0938	3.93265503e-12	-2.48485721e-12
91201.0839	3.75909028e-12	-2.37525275e-12
93325.4301	3.59318567e-12	-2.27048283e-12
95499.2586	3.43460314e-12	-2.17033421e-12
97723.7221	3.28301953e-12	-2.07460303e-12
100000.	3.13812595e-12	-1.98309446e-12
102329.299	2.99962713e-12	-1.89562223e-12
104712.855	2.86724086e-12	-1.81200831e-12
107151.931	2.74069735e-12	-1.73208252e-12
109647.82	2.61973875e-12	-1.65568217e-12
112201.845	2.50411856e-12	-1.58265176e-12
114815.362	2.39360119e-12	-1.51284264e-12
117489.755	2.28796141e-12	-1.44611273e-12
120226.443	2.18698396e-12	-1.38232621e-12
123026.877	2.09046308e-12	-1.32135324e-12
125892.541	1.99820208e-12	-1.26306973e-12
128824.955	1.91001294e-12	-1.20735704e-12
131825.674	1.82571596e-12	-1.15410179e-12
134896.288	1.74513937e-12	-1.10319556e-12
138038.426	1.66811897e-12	-1.05453476e-12
141253.754	1.5944978e-12	-1.00802033e-12
144543.977	1.52412584e-12	-9.63557606e-13
147910.839	1.4568597e-12	-9.21056086e-13
151356.125	1.3925623e-12	-8.80429264e-13
154881.662	1.33110262e-12	-8.41594448e-13
158489.319	1.27235541e-12	-8.04472596e-13
162181.01	1.21620097e-12	-7.6898815e-13
165958.691	1.16252486e-12	-7.35068885e-13
169824.365	1.1112177e-12	-7.02645764e-13
173780.083	1.06217495e-12	-6.71652793e-13
177827.941	1.01529666e-12	-6.4202689e-13
181970.086	9.70487314e-13	-6.13707754e-13
186208.714	9.27655591e-13	-5.86637746e-13
190546.072	8.86714214e-13	-5.60761768e-13
194984.46	8.47579753e-13	-5.36027152e-13
199526.231	8.10172462e-13	-5.12383554e-13
204173.794	7.74416113e-13	-4.8978285e-13
208929.613	7.40237844e-13	-4.6817904e-13
213796.209	7.07568007e-13	-4.47528152e-13
218776.162	6.76340029e-13	-4.27788152e-13
223872.114	6.46490273e-13	-4.08918863e-13
229086.765	6.17957914e-13	-3.90881879e-13
234422.882	5.90684809e-13	-3.73640488e-13
239883.292	5.64615382e-13	-3.57159596e-13
245470.892	5.3969651e-13	-3.41405659e-13
251188.643	5.15877413e-13	-3.26346612e-13
257039.578	4.93109553e-13	-3.11951804e-13
263026.799	4.71346536e-13	-2.98191936e-13
269153.48	4.50544014e-13	-2.85039001e-13
275422.87	4.30659595e-13	-2.72466228e-13
281838.293	4.11652759e-13	-2.60448027e-13
288403.15	3.93484776e-13	-2.48959937e-13
295120.923	3.76118623e-13	-2.37978574e-13
301995.172	3.59518913e-13	-2.27481587e-13
309029.543	3.43651818e-13	-2.17447612e-13
316227.766	3.28485005e-13	-2.07856225e-13
323593.657	3.13987568e-13	-1.98687904e-13
331131.121	3.00129964e-13	-1.89923988e-13
338844.156	2.86883955e-13	-1.81546639e-13
346736.85	2.74222549e-13	-1.73538807e-13
354813.389	2.62119944e-13	-1.65884191e-13
363078.055	2.50551479e-13	-1.58567213e-13
371535.229	2.39493579e-13	-1.51572978e-13
380189.396	2.28923711e-13	-1.44887253e-13
389045.145	2.18820336e-13	-1.38496427e-13
398107.171	2.09162866e-13	-1.32387494e-13
407380.278	1.99931621e-13	-1.2654802e-13
416869.383	1.91107791e-13	-1.20966119e-13
426579.519	1.82673393e-13	-1.1563043e-13
436515.832	1.74611241e-13	-1.10530092e-13
446683.592	1.66904906e-13	-1.05654726e-13
457088.19	1.59538684e-13	-1.00994406e-13
467735.141	1.52497565e-13	-9.65396481e-14
478630.092	1.457672e-13	-9.22813851e-14
489778.819	1.39333875e-13	-8.82109495e-14
501187.234	1.3318448e-13	-8.43200567e-14
512861.384	1.27306484e-13	-8.0600787e-14
524807.46	1.21687909e-13	-7.70455705e-14
537031.796	1.16317305e-13	-7.36471708e-14
549540.874	1.11183729e-13	-7.0398671e-14
562341.325	1.06276719e-13	-6.72934591e-14
575439.937	1.01586276e-13	-6.43252149e-14
588843.655	9.7102843e-14	-6.14878969e-14
602559.586	9.28172825e-14	-5.87757299e-14
616595.002	8.87208619e-14	-5.61831939e-14
630957.344	8.48052338e-14	-5.37050118e-14
645654.229	8.1062419e-14	-5.13361398e-14
660693.448	7.74847905e-14	-4.90717563e-14
676082.975	7.40650579e-14	-4.69072524e-14
691830.971	7.07962526e-14	-4.48382225e-14
707945.784	6.76717136e-14	-4.28604553e-14
724435.96	6.46850737e-14	-4.09699254e-14
741310.241	6.18302469e-14	-3.91627847e-14
758577.575	5.91014158e-14	-3.74353552e-14
776247.117	5.64930195e-14	-3.57841208e-14
794328.235	5.39997429e-14	-3.42057206e-14
812830.516	5.16165051e-14	-3.2696942e-14
831763.771	4.93384497e-14	-3.1254714e-14
851138.038	4.71609345e-14	-2.98761012e-14
870963.59	4.50795224e-14	-2.85582976e-14
891250.938	4.30899718e-14	-2.72986209e-14
912010.839	4.11882285e-14	-2.60945072e-14
933254.301	3.93704172e-14	-2.49435058e-14
954992.586	3.76328336e-14	-2.38432738e-14
977237.221	3.5971937e-14	-2.27915719e-14
1.e6	3.43843428e-14	-2.17862594e-14