# Power Spectrum Multipole computation of the file: outputs/new_xi_lensing.txt
#
# For this PS_multipole computation we set: 
# 	 #points used in Fourier transform N = 128
# 	 multipole degree in consideration L = 0
# computational time needed (in s) : 0.6322
# kwards passed: none
# 
# k [h_0/Mpc] 	 	  P [(Mpc/h_0)^3]
0.001 	 0.018612334063910333
0.0010746078283213173 	 0.01848855680774998
0.0011547819846894584 	 0.018360377802902204
0.0012409377607517195 	 0.018194024010298286
0.001333521432163324 	 0.018021216822449188
0.001433012570236963 	 0.01780422718165037
0.001539926526059492 	 0.01757081058372668
0.0016548170999431816 	 0.017289600369602753
0.001778279410038923 	 0.016978573057007885
0.0019109529749704406 	 0.01661413373536266
0.0020535250264571464 	 0.016205996188796475
0.00220673406908459 	 0.01573600305615355
0.0023713737056616554 	 0.015208101978595286
0.002548296747979347 	 0.01460865355712503
0.0027384196342643613 	 0.013937968214554865
0.0029427271762092824 	 0.013186542071437372
0.0031622776601683794 	 0.012354830191031126
0.003398208328942559 	 0.011438888246262902
0.0036517412725483775 	 0.010443572031428861
0.003924189758484536 	 0.009373501235302813
0.004216965034285823 	 0.008243501399146175
0.004531583637600819 	 0.007071358239323694
0.004869675251658632 	 0.005887145167970133
0.005232991146814948 	 0.00472544494209978
0.005623413251903492 	 0.0036318848991122085
0.0060429639023813295 	 0.0026521398130184975
0.006493816315762115 	 0.0018357553879568347
0.006978305848598665 	 0.0012197849144874938
0.00749894209332456 	 0.0008282977839521693
0.008058421877614819 	 0.0006567595220897779
0.008659643233600656 	 0.0006747003872191228
0.00930572040929699 	 0.0008190528068547413
0.010000000000000002 	 0.0010104393999258833
0.010746078283213178 	 0.0011636810473106343
0.011547819846894581 	 0.0012109538042327649
0.012409377607517199 	 0.001117666791596695
0.013335214321633246 	 0.000901522759457498
0.014330125702369629 	 0.0006338491236281682
0.015399265260594923 	 0.0004153323606524948
0.016548170999431823 	 0.00032070592707187637
0.017782794100389236 	 0.00034086327096790903
0.019109529749704406 	 0.0003890671761788387
0.020535250264571467 	 0.00037442481674498934
0.02206734069084591 	 0.000288859795085151
0.02371373705661656 	 0.00020173280634232094
0.025482967479793475 	 0.00017264225128218422
0.02738419634264363 	 0.00017296605893171707
0.029427271762092824 	 0.0001533593353702554
0.031622776601683805 	 0.00012147698150002766
0.03398208328942561 	 0.0001044860348018449
0.03651741272548378 	 8.902236216806613e-5
0.03924189758484537 	 7.476828140600981e-5
0.04216965034285825 	 6.405935594856788e-5
0.04531583637600819 	 5.343407541332897e-5
0.04869675251658633 	 4.6038216884150134e-5
0.05232991146814949 	 3.7008812578421564e-5
0.05623413251903492 	 3.056189701502872e-5
0.060429639023813334 	 2.6550121313813858e-5
0.06493816315762116 	 2.1387461689071736e-5
0.06978305848598665 	 1.7423669959742528e-5
0.07498942093324563 	 1.4924618933015477e-5
0.08058421877614821 	 1.1987078446229322e-5
0.08659643233600654 	 9.930717748742242e-6
0.09305720409296997 	 8.171511898501574e-6
0.10000000000000005 	 6.629142782357965e-6
0.10746078283213177 	 5.486299345279788e-6
0.11547819846894591 	 4.4154294305004494e-6
0.12409377607517202 	 3.608593310445746e-6
0.13335214321633243 	 2.918662138490187e-6
0.14330125702369637 	 2.3754201494591874e-6
0.15399265260594927 	 1.9119819330327498e-6
0.16548170999431816 	 1.5479846782897591e-6
0.17782794100389243 	 1.245159408517414e-6
0.19109529749704413 	 1.0035182413158446e-6
0.2053525026457146 	 8.044498984012988e-7
0.22067340690845913 	 6.472399919399252e-7
0.23713737056616563 	 5.169714867207843e-7
0.25482967479793467 	 4.132981487803468e-7
0.27384196342643635 	 3.3089758931678277e-7
0.29427271762092827 	 2.6421883723296364e-7
0.3162277660168383 	 2.1116086457778955e-7
0.3398208328942562 	 1.6824240578581647e-7
0.3651741272548379 	 1.3424958341565712e-7
0.392418975848454 	 1.0802807968209234e-7
0.42169650342858256 	 8.674769229289197e-8
0.45315836376008195 	 6.990564861874469e-8
0.4869675251658636 	 5.666567205866422e-8
0.523299114681495 	 4.568164610407915e-8
0.5623413251903493 	 3.683446136704223e-8
0.6042963902381334 	 2.935364575954185e-8
0.6493816315762118 	 2.313747930618926e-8
0.6978305848598666 	 1.801432760803778e-8
0.7498942093324565 	 1.4046822743329128e-8
0.8058421877614824 	 1.1351189666576139e-8
0.8659643233600657 	 9.931540807583309e-9
0.9305720409296998 	 9.307637214289977e-9
1.0000000000000007 	 8.545255179033853e-9
1.0746078283213178 	 7.181039221326282e-9
1.1547819846894594 	 5.368134624325028e-9
1.2409377607517205 	 3.8930226789921505e-9
1.3335214321633246 	 3.273959841136309e-9
1.4330125702369643 	 3.256664369638312e-9
1.539926526059493 	 2.790115835126351e-9
1.6548170999431822 	 1.9129448603494077e-9
1.7782794100389245 	 1.6380756153363602e-9
1.910952974970442 	 1.702111972945788e-9
2.0535250264571467 	 1.3140910664919392e-9
2.206734069084592 	 1.339844186897924e-9
2.371373705661657 	 1.0736567781600647e-9
2.5482967479793475 	 4.917372472752e-10
2.7384196342643636 	 7.59919790131731e-10
2.9427271762092837 	 7.070998006577892e-10
3.1622776601683804 	 5.674083564124295e-10
3.3982083289425598 	 5.072457042242287e-10
3.6517412725483824 	 3.684848648940496e-10
3.9241897584845407 	 4.519317978072114e-10
4.216965034285826 	 3.933149920134603e-10
4.531583637600821 	 3.2447529901833653e-10
4.8696752516586335 	 3.5276940671350676e-10
5.232991146814947 	 3.228041243082528e-10
5.623413251903499 	 3.1168822447552726e-10
6.042963902381335 	 3.126282508308854e-10
6.493816315762119 	 3.022876644386728e-10
6.9783058485986675 	 3.038124959268047e-10
7.49894209332456 	 2.9980293177602586e-10
8.058421877614819 	 2.997568298539556e-10
8.659643233600665 	 2.979365688828565e-10
9.305720409297 	 2.9673335762664966e-10
